1	1	2
1	2	1
1	3	2
1	4	2
1	5	2
1	6	2
1	7	2
1	8	2
1	9	2
1	10	1
1	11	2
1	12	2
1	13	1
1	14	2
1	15	2
1	16	2
1	17	2
1	18	1
1	19	1
1	20	2
1	21	2
1	22	1
1	23	1
1	24	1
1	25	1
1	26	1
1	27	2
1	28	2
1	29	2
1	30	2
1	31	2
1	32	2
1	33	1
1	34	1
1	35	2
1	36	2
1	37	2
1	38	2
1	39	2
2	1	2
2	2	1
2	3	2
2	4	2
2	5	2
2	6	2
2	7	2
2	8	2
2	9	2
2	10	1
2	11	1
2	12	1
2	13	1
2	14	2
2	15	1
2	16	2
2	17	2
2	18	1
2	19	1
2	20	1
2	21	1
2	22	1
2	23	1
2	24	1
2	25	2
2	26	1
2	27	2
2	28	1
2	29	2
2	30	2
2	31	1
2	32	2
2	33	1
2	34	2
2	35	2
2	36	1
2	37	1
2	38	1
2	39	2
3	1	2
3	2	2
3	3	2
3	4	2
3	5	2
3	6	2
3	7	2
3	8	2
3	9	2
3	10	1
3	11	1
3	12	2
3	13	1
3	14	2
3	15	2
3	16	2
3	17	2
3	18	1
3	19	1
3	20	2
3	21	1
3	22	2
3	23	1
3	24	1
3	25	2
3	26	1
3	27	2
3	28	1
3	29	2
3	30	2
3	31	2
3	32	2
3	33	1
3	34	2
3	35	2
3	36	2
3	37	1
3	38	2
3	39	1
4	1	1
4	2	1
4	3	2
4	4	1
4	5	2
4	6	1
4	7	2
4	8	1
4	9	1
4	10	1
4	11	2
4	12	2
4	13	2
4	14	2
4	15	1
4	16	2
4	17	2
4	18	1
4	19	1
4	20	1
4	21	1
4	22	1
4	23	1
4	24	1
4	25	2
4	26	2
4	27	2
4	28	1
4	29	2
4	30	1
4	31	1
4	32	1
4	33	1
4	34	1
4	35	1
4	36	2
4	37	1
4	38	1
4	39	1
5	1	2
5	2	1
5	3	2
5	4	1
5	5	1
5	6	2
5	7	2
5	8	2
5	9	1
5	10	1
5	11	1
5	12	2
5	13	2
5	14	2
5	15	2
5	16	1
5	17	2
5	18	1
5	19	1
5	20	2
5	21	1
5	22	1
5	23	1
5	24	1
5	25	2
5	26	1
5	27	2
5	28	1
5	29	1
5	30	2
5	31	1
5	32	1
5	33	1
5	34	1
5	35	2
5	36	1
5	37	2
5	38	2
5	39	1
6	1	2
6	2	2
6	3	2
6	4	2
6	5	2
6	6	1
6	7	1
6	8	2
6	9	2
6	10	1
6	11	1
6	12	2
6	13	2
6	14	2
6	15	2
6	16	2
6	17	2
6	18	2
6	19	2
6	20	2
6	21	1
6	22	2
6	23	1
6	24	1
6	25	2
6	26	2
6	27	2
6	28	1
6	29	2
6	30	2
6	31	2
6	32	1
6	33	2
6	34	2
6	35	2
6	36	2
6	37	2
6	38	1
6	39	1
7	1	2
7	2	2
7	3	2
7	4	2
7	5	2
7	6	2
7	7	1
7	8	2
7	9	2
7	10	1
7	11	1
7	12	2
7	13	1
7	14	2
7	15	2
7	16	1
7	17	2
7	18	1
7	19	1
7	20	1
7	21	2
7	22	2
7	23	1
7	24	1
7	25	2
7	26	1
7	27	2
7	28	1
7	29	2
7	30	2
7	31	1
7	32	2
7	33	1
7	34	1
7	35	2
7	36	2
7	37	2
7	38	2
7	39	1
8	1	2
8	2	2
8	3	2
8	4	2
8	5	2
8	6	2
8	7	1
8	8	2
8	9	2
8	10	1
8	11	1
8	12	2
8	13	2
8	14	2
8	15	1
8	16	2
8	17	2
8	18	1
8	19	2
8	20	2
8	21	1
8	22	2
8	23	1
8	24	2
8	25	1
8	26	2
8	27	2
8	28	2
8	29	1
8	30	2
8	31	2
8	32	2
8	33	2
8	34	2
8	35	2
8	36	1
8	37	2
8	38	2
8	39	2
9	1	2
9	2	2
9	3	2
9	4	2
9	5	2
9	6	2
9	7	2
9	8	2
9	9	1
9	10	1
9	11	2
9	12	2
9	13	2
9	14	2
9	15	2
9	16	2
9	17	2
9	18	2
9	19	2
9	20	1
9	21	1
9	22	1
9	23	1
9	24	1
9	25	2
9	26	1
9	27	2
9	28	1
9	29	2
9	30	2
9	31	1
9	32	2
9	33	2
9	34	2
9	35	2
9	36	2
9	37	1
9	38	2
9	39	1
10	1	2
10	2	1
10	3	2
10	4	2
10	5	2
10	6	2
10	7	2
10	8	2
10	9	1
10	10	2
10	11	1
10	12	2
10	13	1
10	14	2
10	15	1
10	16	2
10	17	1
10	18	1
10	19	1
10	20	2
10	21	2
10	22	1
10	23	1
10	24	1
10	25	2
10	26	1
10	27	1
10	28	1
10	29	1
10	30	2
10	31	1
10	32	1
10	33	1
10	34	2
10	35	1
10	36	1
10	37	1
10	38	1
10	39	1
11	1	2
11	2	2
11	3	1
11	4	2
11	5	2
11	6	2
11	7	2
11	8	2
11	9	1
11	10	1
11	11	2
11	12	2
11	13	1
11	14	2
11	15	2
11	16	2
11	17	2
11	18	2
11	19	1
11	20	2
11	21	1
11	22	2
11	23	1
11	24	2
11	25	2
11	26	1
11	27	2
11	28	1
11	29	1
11	30	2
11	31	1
11	32	2
11	33	1
11	34	1
11	35	2
11	36	1
11	37	2
11	38	1
11	39	2
12	1	1
12	2	1
12	3	2
12	4	1
12	5	2
12	6	2
12	7	2
12	8	2
12	9	2
12	10	1
12	11	1
12	12	2
12	13	2
12	14	2
12	15	1
12	16	2
12	17	2
12	18	1
12	19	2
12	20	2
12	21	2
12	22	2
12	23	1
12	24	2
12	25	2
12	26	1
12	27	2
12	28	1
12	29	1
12	30	2
12	31	2
12	32	2
12	33	1
12	34	2
12	35	2
12	36	1
12	37	2
12	38	2
12	39	2
13	1	2
13	2	2
13	3	2
13	4	2
13	5	2
13	6	2
13	7	2
13	8	2
13	9	2
13	10	1
13	11	2
13	12	2
13	13	1
13	14	2
13	15	1
13	16	2
13	17	2
13	18	1
13	19	1
13	20	2
13	21	1
13	22	2
13	23	1
13	24	2
13	25	1
13	26	1
13	27	2
13	28	2
13	29	2
13	30	2
13	31	1
13	32	2
13	33	1
13	34	1
13	35	2
13	36	1
13	37	2
13	38	1
13	39	2
14	1	1
14	2	1
14	3	2
14	4	2
14	5	2
14	6	1
14	7	2
14	8	2
14	9	2
14	10	1
14	11	2
14	12	2
14	13	1
14	14	2
14	15	1
14	16	2
14	17	2
14	18	2
14	19	2
14	20	1
14	21	1
14	22	2
14	23	1
14	24	2
14	25	1
14	26	2
14	27	2
14	28	1
14	29	2
14	30	1
14	31	2
14	32	2
14	33	2
14	34	1
14	35	2
14	36	2
14	37	2
14	38	2
14	39	2
15	1	1
15	2	2
15	3	1
15	4	1
15	5	1
15	6	2
15	7	2
15	8	2
15	9	1
15	10	1
15	11	2
15	12	2
15	13	1
15	14	1
15	15	2
15	16	1
15	17	1
15	18	1
15	19	1
15	20	2
15	21	1
15	22	1
15	23	1
15	24	2
15	25	1
15	26	1
15	27	1
15	28	1
15	29	1
15	30	1
15	31	1
15	32	1
15	33	1
15	34	1
15	35	1
15	36	1
15	37	2
15	38	1
15	39	1
16	1	2
16	2	1
16	3	2
16	4	2
16	5	2
16	6	2
16	7	2
16	8	2
16	9	1
16	10	2
16	11	1
16	12	2
16	13	2
16	14	2
16	15	1
16	16	1
16	17	2
16	18	2
16	19	1
16	20	2
16	21	1
16	22	2
16	23	1
16	24	1
16	25	2
16	26	1
16	27	2
16	28	1
16	29	1
16	30	2
16	31	2
16	32	1
16	33	1
16	34	2
16	35	2
16	36	2
16	37	1
16	38	2
16	39	2
17	1	1
17	2	1
17	3	2
17	4	1
17	5	2
17	6	2
17	7	2
17	8	1
17	9	1
17	10	1
17	11	1
17	12	2
17	13	2
17	14	2
17	15	1
17	16	2
17	17	1
17	18	1
17	19	1
17	20	2
17	21	1
17	22	1
17	23	1
17	24	1
17	25	1
17	26	1
17	27	2
17	28	1
17	29	1
17	30	2
17	31	2
17	32	1
17	33	1
17	34	1
17	35	2
17	36	2
17	37	1
17	38	1
17	39	2
18	1	1
18	2	1
18	3	1
18	4	1
18	5	1
18	6	2
18	7	2
18	8	1
18	9	1
18	10	1
18	11	1
18	12	1
18	13	1
18	14	1
18	15	2
18	16	2
18	17	1
18	18	1
18	19	1
18	20	2
18	21	1
18	22	1
18	23	1
18	24	1
18	25	2
18	26	1
18	27	2
18	28	1
18	29	1
18	30	1
18	31	1
18	32	1
18	33	1
18	34	1
18	35	1
18	36	1
18	37	2
18	38	1
18	39	1
19	1	2
19	2	1
19	3	2
19	4	2
19	5	2
19	6	2
19	7	2
19	8	2
19	9	2
19	10	2
19	11	1
19	12	2
19	13	2
19	14	2
19	15	2
19	16	2
19	17	2
19	18	1
19	19	1
19	20	2
19	21	1
19	22	2
19	23	1
19	24	1
19	25	2
19	26	1
19	27	2
19	28	1
19	29	2
19	30	2
19	31	2
19	32	2
19	33	1
19	34	2
19	35	2
19	36	1
19	37	2
19	38	2
19	39	1
20	1	1
20	2	2
20	3	2
20	4	2
20	5	2
20	6	2
20	7	2
20	8	2
20	9	2
20	10	2
20	11	1
20	12	2
20	13	1
20	14	2
20	15	1
20	16	1
20	17	2
20	18	1
20	19	2
20	20	2
20	21	1
20	22	1
20	23	1
20	24	2
20	25	2
20	26	1
20	27	2
20	28	1
20	29	1
20	30	2
20	31	1
20	32	2
20	33	1
20	34	1
20	35	2
20	36	2
20	37	2
20	38	2
20	39	2
21	1	2
21	2	2
21	3	2
21	4	2
21	5	2
21	6	2
21	7	2
21	8	2
21	9	1
21	10	2
21	11	1
21	12	2
21	13	1
21	14	2
21	15	2
21	16	2
21	17	2
21	18	1
21	19	2
21	20	1
21	21	1
21	22	2
21	23	2
21	24	1
21	25	2
21	26	2
21	27	2
21	28	1
21	29	1
21	30	2
21	31	2
21	32	1
21	33	2
21	34	2
21	35	2
21	36	1
21	37	1
21	38	1
21	39	1
22	1	2
22	2	1
22	3	2
22	4	2
22	5	2
22	6	2
22	7	2
22	8	2
22	9	2
22	10	1
22	11	1
22	12	2
22	13	1
22	14	2
22	15	1
22	16	1
22	17	2
22	18	1
22	19	1
22	20	2
22	21	1
22	22	1
22	23	1
22	24	1
22	25	2
22	26	1
22	27	2
22	28	1
22	29	2
22	30	1
22	31	1
22	32	1
22	33	1
22	34	1
22	35	1
22	36	2
22	37	2
22	38	2
22	39	1
23	1	2
23	2	2
23	3	2
23	4	1
23	5	1
23	6	2
23	7	2
23	8	2
23	9	2
23	10	1
23	11	2
23	12	2
23	13	1
23	14	2
23	15	2
23	16	2
23	17	2
23	18	1
23	19	1
23	20	2
23	21	1
23	22	2
23	23	2
23	24	2
23	25	2
23	26	1
23	27	2
23	28	1
23	29	2
23	30	2
23	31	1
23	32	2
23	33	2
23	34	1
23	35	2
23	36	1
23	37	2
23	38	2
23	39	1
24	1	1
24	2	2
24	3	2
24	4	2
24	5	2
24	6	2
24	7	2
24	8	2
24	9	1
24	10	2
24	11	2
24	12	2
24	13	2
24	14	2
24	15	2
24	16	2
24	17	2
24	18	1
24	19	2
24	20	2
24	21	1
24	22	2
24	23	1
24	24	2
24	25	2
24	26	1
24	27	2
24	28	1
24	29	1
24	30	2
24	31	1
24	32	2
24	33	2
24	34	2
24	35	2
24	36	1
24	37	2
24	38	2
24	39	1
25	1	2
25	2	1
25	3	2
25	4	2
25	5	2
25	6	2
25	7	2
25	8	2
25	9	2
25	10	1
25	11	2
25	12	2
25	13	2
25	14	2
25	15	1
25	16	2
25	17	2
25	18	1
25	19	1
25	20	2
25	21	1
25	22	2
25	23	2
25	24	2
25	25	2
25	26	1
25	27	2
25	28	1
25	29	2
25	30	1
25	31	1
25	32	2
25	33	1
25	34	1
25	35	1
25	36	1
25	37	2
25	38	1
25	39	1
26	1	2
26	2	2
26	3	2
26	4	2
26	5	2
26	6	2
26	7	2
26	8	2
26	9	1
26	10	1
26	11	1
26	12	2
26	13	1
26	14	2
26	15	1
26	16	2
26	17	2
26	18	1
26	19	1
26	20	1
26	21	1
26	22	1
26	23	1
26	24	1
26	25	2
26	26	1
26	27	2
26	28	1
26	29	1
26	30	2
26	31	1
26	32	1
26	33	1
26	34	1
26	35	1
26	36	1
26	37	2
26	38	1
26	39	1
27	1	2
27	2	2
27	3	2
27	4	2
27	5	2
27	6	1
27	7	2
27	8	2
27	9	1
27	10	1
27	11	1
27	12	2
27	13	1
27	14	2
27	15	2
27	16	2
27	17	2
27	18	1
27	19	2
27	20	1
27	21	1
27	22	2
27	23	1
27	24	1
27	25	2
27	26	1
27	27	2
27	28	2
27	29	1
27	30	2
27	31	1
27	32	1
27	33	1
27	34	2
27	35	1
27	36	1
27	37	2
27	38	1
27	39	1
28	1	1
28	2	2
28	3	2
28	4	2
28	5	2
28	6	1
28	7	2
28	8	2
28	9	1
28	10	1
28	11	1
28	12	2
28	13	1
28	14	2
28	15	2
28	16	1
28	17	2
28	18	1
28	19	1
28	20	1
28	21	1
28	22	2
28	23	1
28	24	1
28	25	2
28	26	1
28	27	2
28	28	1
28	29	1
28	30	1
28	31	2
28	32	1
28	33	1
28	34	1
28	35	1
28	36	1
28	37	1
28	38	2
28	39	1
29	1	1
29	2	2
29	3	2
29	4	2
29	5	2
29	6	2
29	7	2
29	8	2
29	9	1
29	10	1
29	11	2
29	12	2
29	13	1
29	14	2
29	15	1
29	16	1
29	17	2
29	18	1
29	19	1
29	20	1
29	21	1
29	22	2
29	23	1
29	24	1
29	25	1
29	26	1
29	27	2
29	28	1
29	29	2
29	30	1
29	31	1
29	32	2
29	33	1
29	34	1
29	35	1
29	36	1
29	37	1
29	38	1
29	39	1
30	1	1
30	2	2
30	3	2
30	4	1
30	5	2
30	6	2
30	7	2
30	8	2
30	9	1
30	10	1
30	11	2
30	12	2
30	13	2
30	14	2
30	15	2
30	16	1
30	17	2
30	18	1
30	19	1
30	20	1
30	21	1
30	22	2
30	23	1
30	24	1
30	25	2
30	26	1
30	27	2
30	28	1
30	29	1
30	30	2
30	31	1
30	32	2
30	33	1
30	34	2
30	35	1
30	36	1
30	37	1
30	38	1
30	39	1
31	1	1
31	2	2
31	3	2
31	4	2
31	5	2
31	6	2
31	7	2
31	8	2
31	9	2
31	10	1
31	11	2
31	12	2
31	13	2
31	14	2
31	15	1
31	16	2
31	17	2
31	18	1
31	19	1
31	20	1
31	21	1
31	22	1
31	23	1
31	24	1
31	25	2
31	26	1
31	27	2
31	28	1
31	29	1
31	30	2
31	31	1
31	32	2
31	33	1
31	34	2
31	35	2
31	36	1
31	37	2
31	38	2
31	39	1
32	1	1
32	2	2
32	3	2
32	4	2
32	5	2
32	6	2
32	7	2
32	8	2
32	9	1
32	10	1
32	11	2
32	12	2
32	13	1
32	14	2
32	15	2
32	16	1
32	17	2
32	18	1
32	19	1
32	20	1
32	21	1
32	22	2
32	23	1
32	24	1
32	25	2
32	26	1
32	27	2
32	28	1
32	29	1
32	30	1
32	31	1
32	32	2
32	33	1
32	34	2
32	35	1
32	36	1
32	37	2
32	38	2
32	39	1
33	1	1
33	2	1
33	3	2
33	4	2
33	5	1
33	6	2
33	7	2
33	8	2
33	9	1
33	10	1
33	11	1
33	12	2
33	13	1
33	14	2
33	15	2
33	16	2
33	17	2
33	18	1
33	19	1
33	20	1
33	21	2
33	22	2
33	23	1
33	24	1
33	25	1
33	26	1
33	27	2
33	28	1
33	29	1
33	30	2
33	31	1
33	32	2
33	33	2
33	34	2
33	35	1
33	36	1
33	37	1
33	38	2
33	39	1
34	1	2
34	2	2
34	3	2
34	4	2
34	5	2
34	6	2
34	7	2
34	8	2
34	9	2
34	10	1
34	11	2
34	12	2
34	13	1
34	14	2
34	15	2
34	16	1
34	17	2
34	18	1
34	19	2
34	20	1
34	21	1
34	22	2
34	23	1
34	24	2
34	25	2
34	26	1
34	27	2
34	28	1
34	29	1
34	30	2
34	31	1
34	32	2
34	33	1
34	34	1
34	35	2
34	36	1
34	37	2
34	38	2
34	39	2
35	1	2
35	2	2
35	3	1
35	4	2
35	5	2
35	6	2
35	7	2
35	8	2
35	9	1
35	10	1
35	11	1
35	12	2
35	13	1
35	14	2
35	15	1
35	16	1
35	17	2
35	18	1
35	19	2
35	20	1
35	21	1
35	22	1
35	23	1
35	24	1
35	25	2
35	26	1
35	27	2
35	28	1
35	29	2
35	30	1
35	31	1
35	32	1
35	33	2
35	34	1
35	35	1
35	36	1
35	37	2
35	38	1
35	39	1
36	1	1
36	2	1
36	3	2
36	4	2
36	5	1
36	6	2
36	7	2
36	8	2
36	9	1
36	10	1
36	11	1
36	12	1
36	13	1
36	14	2
36	15	1
36	16	1
36	17	1
36	18	1
36	19	1
36	20	1
36	21	1
36	22	1
36	23	1
36	24	1
36	25	1
36	26	1
36	27	2
36	28	1
36	29	1
36	30	1
36	31	1
36	32	1
36	33	1
36	34	1
36	35	1
36	36	1
36	37	1
36	38	1
36	39	1
37	1	2
37	2	2
37	3	2
37	4	2
37	5	2
37	6	2
37	7	2
37	8	2
37	9	2
37	10	1
37	11	1
37	12	2
37	13	2
37	14	2
37	15	1
37	16	2
37	17	2
37	18	1
37	19	1
37	20	2
37	21	1
37	22	1
37	23	1
37	24	1
37	25	2
37	26	1
37	27	2
37	28	1
37	29	1
37	30	2
37	31	1
37	32	1
37	33	1
37	34	1
37	35	2
37	36	1
37	37	2
37	38	1
37	39	1
38	1	1
38	2	1
38	3	2
38	4	2
38	5	1
38	6	2
38	7	2
38	8	2
38	9	1
38	10	1
38	11	1
38	12	2
38	13	1
38	14	2
38	15	2
38	16	1
38	17	2
38	18	1
38	19	1
38	20	1
38	21	1
38	22	1
38	23	1
38	24	1
38	25	2
38	26	1
38	27	2
38	28	1
38	29	2
38	30	1
38	31	1
38	32	1
38	33	1
38	34	1
38	35	2
38	36	1
38	37	1
38	38	1
38	39	1
39	1	1
39	2	1
39	3	2
39	4	2
39	5	1
39	6	2
39	7	2
39	8	2
39	9	1
39	10	2
39	11	2
39	12	2
39	13	1
39	14	2
39	15	2
39	16	2
39	17	1
39	18	2
39	19	1
39	20	2
39	21	1
39	22	1
39	23	1
39	24	1
39	25	1
39	26	1
39	27	1
39	28	1
39	29	1
39	30	1
39	31	1
39	32	1
39	33	1
39	34	1
39	35	2
39	36	2
39	37	1
39	38	1
39	39	1
40	1	1
40	2	1
40	3	2
40	4	2
40	5	1
40	6	2
40	7	2
40	8	2
40	9	1
40	10	1
40	11	1
40	12	2
40	13	1
40	14	2
40	15	1
40	16	2
40	17	2
40	18	1
40	19	1
40	20	2
40	21	1
40	22	1
40	23	1
40	24	1
40	25	1
40	26	1
40	27	2
40	28	1
40	29	2
40	30	2
40	31	1
40	32	1
40	33	1
40	34	1
40	35	2
40	36	1
40	37	2
40	38	1
40	39	1
41	1	2
41	2	2
41	3	2
41	4	2
41	5	2
41	6	2
41	7	2
41	8	2
41	9	2
41	10	1
41	11	1
41	12	2
41	13	2
41	14	2
41	15	1
41	16	2
41	17	2
41	18	1
41	19	2
41	20	2
41	21	1
41	22	1
41	23	1
41	24	1
41	25	2
41	26	1
41	27	2
41	28	1
41	29	2
41	30	2
41	31	2
41	32	2
41	33	1
41	34	1
41	35	2
41	36	1
41	37	2
41	38	2
41	39	1
42	1	2
42	2	2
42	3	2
42	4	2
42	5	2
42	6	1
42	7	2
42	8	2
42	9	1
42	10	1
42	11	1
42	12	2
42	13	1
42	14	2
42	15	2
42	16	2
42	17	2
42	18	1
42	19	1
42	20	2
42	21	1
42	22	2
42	23	1
42	24	1
42	25	2
42	26	1
42	27	2
42	28	2
42	29	2
42	30	2
42	31	2
42	32	2
42	33	1
42	34	2
42	35	2
42	36	1
42	37	2
42	38	2
42	39	2
43	1	1
43	2	1
43	3	1
43	4	2
43	5	1
43	6	2
43	7	2
43	8	1
43	9	1
43	10	1
43	11	1
43	12	2
43	13	1
43	14	1
43	15	2
43	16	1
43	17	1
43	18	1
43	19	1
43	20	1
43	21	2
43	22	1
43	23	2
43	24	1
43	25	1
43	26	1
43	27	1
43	28	1
43	29	1
43	30	1
43	31	1
43	32	1
43	33	1
43	34	1
43	35	1
43	36	1
43	37	1
43	38	1
43	39	1
44	1	2
44	2	1
44	3	2
44	4	2
44	5	2
44	6	2
44	7	2
44	8	2
44	9	2
44	10	1
44	11	2
44	12	2
44	13	1
44	14	2
44	15	2
44	16	1
44	17	2
44	18	1
44	19	2
44	20	2
44	21	1
44	22	2
44	23	1
44	24	1
44	25	2
44	26	1
44	27	2
44	28	1
44	29	2
44	30	2
44	31	2
44	32	1
44	33	1
44	34	2
44	35	1
44	36	1
44	37	2
44	38	2
44	39	2
45	1	2
45	2	1
45	3	2
45	4	2
45	5	2
45	6	2
45	7	2
45	8	2
45	9	1
45	10	2
45	11	1
45	12	2
45	13	2
45	14	2
45	15	1
45	16	2
45	17	2
45	18	1
45	19	1
45	20	2
45	21	1
45	22	2
45	23	1
45	24	1
45	25	2
45	26	1
45	27	2
45	28	1
45	29	1
45	30	2
45	31	1
45	32	2
45	33	1
45	34	2
45	35	1
45	36	1
45	37	1
45	38	2
45	39	1
46	1	1
46	2	1
46	3	1
46	4	1
46	5	1
46	6	1
46	7	1
46	8	1
46	9	1
46	10	1
46	11	1
46	12	2
46	13	1
46	14	1
46	15	1
46	16	1
46	17	2
46	18	1
46	19	1
46	20	2
46	21	1
46	22	1
46	23	1
46	24	2
46	25	2
46	26	1
46	27	2
46	28	1
46	29	1
46	30	1
46	31	1
46	32	1
46	33	1
46	34	1
46	35	1
46	36	1
46	37	2
46	38	1
46	39	1
47	1	2
47	2	1
47	3	2
47	4	2
47	5	1
47	6	2
47	7	2
47	8	2
47	9	1
47	10	1
47	11	1
47	12	2
47	13	1
47	14	2
47	15	2
47	16	2
47	17	2
47	18	1
47	19	1
47	20	2
47	21	2
47	22	2
47	23	2
47	24	1
47	25	2
47	26	1
47	27	2
47	28	1
47	29	2
47	30	2
47	31	1
47	32	2
47	33	1
47	34	1
47	35	2
47	36	1
47	37	1
47	38	2
47	39	1
48	1	2
48	2	1
48	3	2
48	4	2
48	5	2
48	6	2
48	7	2
48	8	2
48	9	2
48	10	1
48	11	2
48	12	2
48	13	2
48	14	2
48	15	2
48	16	2
48	17	2
48	18	1
48	19	2
48	20	2
48	21	1
48	22	2
48	23	1
48	24	1
48	25	2
48	26	1
48	27	2
48	28	1
48	29	1
48	30	2
48	31	2
48	32	1
48	33	1
48	34	2
48	35	2
48	36	1
48	37	2
48	38	1
48	39	1
49	1	1
49	2	2
49	3	2
49	4	2
49	5	2
49	6	2
49	7	1
49	8	2
49	9	1
49	10	2
49	11	2
49	12	2
49	13	2
49	14	2
49	15	1
49	16	2
49	17	1
49	18	1
49	19	2
49	20	2
49	21	1
49	22	2
49	23	1
49	24	1
49	25	1
49	26	1
49	27	1
49	28	2
49	29	1
49	30	2
49	31	1
49	32	2
49	33	2
49	34	2
49	35	1
49	36	1
49	37	1
49	38	1
49	39	2
50	1	1
50	2	2
50	3	2
50	4	2
50	5	2
50	6	2
50	7	2
50	8	2
50	9	1
50	10	1
50	11	1
50	12	1
50	13	1
50	14	2
50	15	1
50	16	2
50	17	1
50	18	1
50	19	1
50	20	2
50	21	1
50	22	1
50	23	1
50	24	1
50	25	1
50	26	1
50	27	2
50	28	2
50	29	1
50	30	2
50	31	1
50	32	1
50	33	1
50	34	1
50	35	1
50	36	1
50	37	1
50	38	1
50	39	1
51	1	1
51	2	1
51	3	2
51	4	2
51	5	2
51	6	2
51	7	1
51	8	1
51	9	1
51	10	2
51	11	1
51	12	1
51	13	1
51	14	2
51	15	1
51	16	2
51	17	1
51	18	2
51	19	1
51	20	1
51	21	1
51	22	1
51	23	2
51	24	1
51	25	1
51	26	1
51	27	2
51	28	2
51	29	1
51	30	2
51	31	1
51	32	1
51	33	1
51	34	1
51	35	1
51	36	1
51	37	1
51	38	1
51	39	1
52	1	1
52	2	1
52	3	1
52	4	1
52	5	1
52	6	2
52	7	2
52	8	1
52	9	1
52	10	2
52	11	2
52	12	1
52	13	1
52	14	2
52	15	1
52	16	1
52	17	1
52	18	1
52	19	1
52	20	1
52	21	1
52	22	1
52	23	1
52	24	1
52	25	1
52	26	1
52	27	1
52	28	1
52	29	1
52	30	1
52	31	1
52	32	1
52	33	1
52	34	1
52	35	1
52	36	1
52	37	1
52	38	1
52	39	1
53	1	1
53	2	1
53	3	2
53	4	1
53	5	2
53	6	2
53	7	2
53	8	1
53	9	1
53	10	2
53	11	1
53	12	1
53	13	1
53	14	2
53	15	1
53	16	1
53	17	1
53	18	1
53	19	1
53	20	1
53	21	1
53	22	1
53	23	1
53	24	1
53	25	1
53	26	1
53	27	1
53	28	1
53	29	1
53	30	1
53	31	1
53	32	1
53	33	1
53	34	1
53	35	1
53	36	1
53	37	1
53	38	1
53	39	1
54	1	1
54	2	2
54	3	2
54	4	2
54	5	2
54	6	2
54	7	2
54	8	1
54	9	1
54	10	1
54	11	1
54	12	2
54	13	1
54	14	2
54	15	1
54	16	1
54	17	1
54	18	1
54	19	1
54	20	1
54	21	1
54	22	2
54	23	1
54	24	1
54	25	1
54	26	2
54	27	1
54	28	1
54	29	1
54	30	1
54	31	2
54	32	1
54	33	2
54	34	2
54	35	1
54	36	1
54	37	1
54	38	1
54	39	1
55	1	1
55	2	1
55	3	2
55	4	2
55	5	2
55	6	2
55	7	2
55	8	1
55	9	1
55	10	2
55	11	2
55	12	1
55	13	1
55	14	2
55	15	2
55	16	2
55	17	2
55	18	1
55	19	1
55	20	2
55	21	1
55	22	1
55	23	2
55	24	1
55	25	1
55	26	1
55	27	1
55	28	2
55	29	1
55	30	1
55	31	1
55	32	1
55	33	1
55	34	1
55	35	1
55	36	2
55	37	1
55	38	1
55	39	1
56	1	1
56	2	2
56	3	2
56	4	2
56	5	2
56	6	2
56	7	2
56	8	2
56	9	1
56	10	2
56	11	1
56	12	1
56	13	1
56	14	2
56	15	2
56	16	2
56	17	2
56	18	1
56	19	1
56	20	2
56	21	2
56	22	2
56	23	2
56	24	1
56	25	1
56	26	2
56	27	2
56	28	2
56	29	1
56	30	1
56	31	2
56	32	1
56	33	1
56	34	2
56	35	1
56	36	2
56	37	1
56	38	1
56	39	1
57	1	1
57	2	2
57	3	1
57	4	2
57	5	2
57	6	2
57	7	2
57	8	1
57	9	1
57	10	1
57	11	1
57	12	1
57	13	1
57	14	2
57	15	1
57	16	2
57	17	1
57	18	1
57	19	1
57	20	1
57	21	1
57	22	1
57	23	2
57	24	1
57	25	1
57	26	1
57	27	1
57	28	1
57	29	1
57	30	2
57	31	1
57	32	1
57	33	1
57	34	1
57	35	1
57	36	1
57	37	1
57	38	1
57	39	1
58	1	1
58	2	2
58	3	1
58	4	2
58	5	2
58	6	2
58	7	2
58	8	1
58	9	1
58	10	1
58	11	2
58	12	2
58	13	1
58	14	2
58	15	1
58	16	1
58	17	1
58	18	1
58	19	1
58	20	1
58	21	2
58	22	1
58	23	1
58	24	2
58	25	1
58	26	2
58	27	1
58	28	1
58	29	1
58	30	1
58	31	2
58	32	1
58	33	1
58	34	2
58	35	1
58	36	1
58	37	1
58	38	1
58	39	1
59	1	1
59	2	2
59	3	2
59	4	2
59	5	2
59	6	2
59	7	2
59	8	2
59	9	2
59	10	2
59	11	1
59	12	2
59	13	1
59	14	1
59	15	1
59	16	2
59	17	2
59	18	1
59	19	2
59	20	2
59	21	1
59	22	1
59	23	1
59	24	2
59	25	2
59	26	2
59	27	2
59	28	2
59	29	2
59	30	2
59	31	2
59	32	2
59	33	1
59	34	2
59	35	2
59	36	1
59	37	2
59	38	1
59	39	2
60	1	1
60	2	1
60	3	2
60	4	2
60	5	1
60	6	2
60	7	1
60	8	1
60	9	1
60	10	2
60	11	2
60	12	2
60	13	1
60	14	2
60	15	1
60	16	1
60	17	1
60	18	1
60	19	1
60	20	1
60	21	2
60	22	2
60	23	1
60	24	1
60	25	1
60	26	1
60	27	1
60	28	1
60	29	1
60	30	1
60	31	1
60	32	1
60	33	1
60	34	1
60	35	1
60	36	1
60	37	1
60	38	1
60	39	1
61	1	1
61	2	1
61	3	2
61	4	2
61	5	1
61	6	1
61	7	1
61	8	1
61	9	1
61	10	2
61	11	1
61	12	1
61	13	1
61	14	1
61	15	1
61	16	1
61	17	1
61	18	1
61	19	1
61	20	1
61	21	2
61	22	1
61	23	1
61	24	1
61	25	1
61	26	1
61	27	1
61	28	1
61	29	1
61	30	1
61	31	1
61	32	1
61	33	1
61	34	1
61	35	1
61	36	1
61	37	1
61	38	1
61	39	1
62	1	1
62	2	1
62	3	1
62	4	2
62	5	1
62	6	1
62	7	1
62	8	1
62	9	1
62	10	2
62	11	2
62	12	1
62	13	1
62	14	1
62	15	1
62	16	1
62	17	1
62	18	1
62	19	1
62	20	1
62	21	2
62	22	1
62	23	1
62	24	1
62	25	1
62	26	1
62	27	1
62	28	1
62	29	1
62	30	1
62	31	1
62	32	1
62	33	1
62	34	1
62	35	1
62	36	1
62	37	1
62	38	1
62	39	1
63	1	1
63	2	1
63	3	1
63	4	2
63	5	1
63	6	2
63	7	1
63	8	1
63	9	1
63	10	2
63	11	1
63	12	1
63	13	1
63	14	2
63	15	1
63	16	1
63	17	1
63	18	1
63	19	1
63	20	1
63	21	2
63	22	1
63	23	2
63	24	1
63	25	1
63	26	1
63	27	1
63	28	1
63	29	1
63	30	1
63	31	1
63	32	1
63	33	1
63	34	2
63	35	1
63	36	1
63	37	1
63	38	1
63	39	1
64	1	1
64	2	1
64	3	1
64	4	2
64	5	1
64	6	2
64	7	1
64	8	1
64	9	1
64	10	2
64	11	1
64	12	1
64	13	1
64	14	2
64	15	1
64	16	1
64	17	1
64	18	1
64	19	1
64	20	1
64	21	2
64	22	1
64	23	2
64	24	1
64	25	1
64	26	1
64	27	1
64	28	1
64	29	1
64	30	1
64	31	1
64	32	1
64	33	1
64	34	2
64	35	1
64	36	1
64	37	1
64	38	1
64	39	1
65	1	1
65	2	1
65	3	1
65	4	2
65	5	1
65	6	2
65	7	1
65	8	1
65	9	1
65	10	1
65	11	1
65	12	1
65	13	1
65	14	1
65	15	1
65	16	1
65	17	1
65	18	1
65	19	1
65	20	1
65	21	2
65	22	1
65	23	1
65	24	1
65	25	1
65	26	1
65	27	1
65	28	1
65	29	1
65	30	1
65	31	1
65	32	1
65	33	1
65	34	1
65	35	1
65	36	1
65	37	1
65	38	1
65	39	1
66	1	1
66	2	2
66	3	2
66	4	2
66	5	2
66	6	2
66	7	2
66	8	1
66	9	1
66	10	1
66	11	1
66	12	2
66	13	1
66	14	2
66	15	1
66	16	1
66	17	1
66	18	2
66	19	2
66	20	1
66	21	2
66	22	2
66	23	1
66	24	1
66	25	1
66	26	2
66	27	1
66	28	1
66	29	1
66	30	1
66	31	1
66	32	1
66	33	1
66	34	2
66	35	1
66	36	1
66	37	1
66	38	1
66	39	1
67	1	1
67	2	1
67	3	2
67	4	2
67	5	1
67	6	1
67	7	2
67	8	1
67	9	1
67	10	1
67	11	1
67	12	2
67	13	1
67	14	2
67	15	1
67	16	1
67	17	1
67	18	1
67	19	1
67	20	1
67	21	2
67	22	1
67	23	2
67	24	1
67	25	1
67	26	1
67	27	1
67	28	1
67	29	1
67	30	1
67	31	1
67	32	1
67	33	1
67	34	2
67	35	1
67	36	1
67	37	1
67	38	1
67	39	1
68	1	1
68	2	1
68	3	2
68	4	2
68	5	1
68	6	2
68	7	2
68	8	1
68	9	1
68	10	1
68	11	2
68	12	1
68	13	1
68	14	2
68	15	1
68	16	1
68	17	1
68	18	1
68	19	1
68	20	1
68	21	2
68	22	1
68	23	1
68	24	1
68	25	1
68	26	2
68	27	1
68	28	1
68	29	1
68	30	1
68	31	1
68	32	1
68	33	1
68	34	2
68	35	1
68	36	1
68	37	1
68	38	1
68	39	1
69	1	2
69	2	1
69	3	2
69	4	2
69	5	2
69	6	2
69	7	2
69	8	2
69	9	1
69	10	2
69	11	2
69	12	2
69	13	1
69	14	2
69	15	1
69	16	2
69	17	1
69	18	1
69	19	1
69	20	2
69	21	2
69	22	2
69	23	1
69	24	2
69	25	1
69	26	1
69	27	1
69	28	2
69	29	1
69	30	2
69	31	1
69	32	2
69	33	2
69	34	1
69	35	2
69	36	1
69	37	2
69	38	1
69	39	2
70	1	1
70	2	2
70	3	2
70	4	2
70	5	1
70	6	2
70	7	2
70	8	1
70	9	1
70	10	1
70	11	1
70	12	1
70	13	1
70	14	1
70	15	1
70	16	1
70	17	1
70	18	1
70	19	1
70	20	1
70	21	2
70	22	1
70	23	1
70	24	1
70	25	1
70	26	1
70	27	1
70	28	1
70	29	1
70	30	1
70	31	1
70	32	1
70	33	1
70	34	2
70	35	1
70	36	1
70	37	1
70	38	1
70	39	1
71	1	1
71	2	2
71	3	2
71	4	2
71	5	1
71	6	2
71	7	2
71	8	1
71	9	1
71	10	2
71	11	2
71	12	1
71	13	1
71	14	2
71	15	1
71	16	1
71	17	1
71	18	1
71	19	1
71	20	1
71	21	2
71	22	1
71	23	2
71	24	1
71	25	1
71	26	1
71	27	1
71	28	1
71	29	1
71	30	1
71	31	1
71	32	1
71	33	1
71	34	2
71	35	1
71	36	1
71	37	1
71	38	1
71	39	1
72	1	1
72	2	2
72	3	2
72	4	1
72	5	2
72	6	2
72	7	1
72	8	1
72	9	1
72	10	1
72	11	1
72	12	2
72	13	2
72	14	2
72	15	1
72	16	1
72	17	1
72	18	1
72	19	1
72	20	1
72	21	2
72	22	1
72	23	1
72	24	1
72	25	1
72	26	2
72	27	1
72	28	1
72	29	1
72	30	1
72	31	2
72	32	1
72	33	1
72	34	1
72	35	1
72	36	1
72	37	1
72	38	1
72	39	1
73	1	1
73	2	2
73	3	2
73	4	2
73	5	2
73	6	2
73	7	1
73	8	1
73	9	1
73	10	1
73	11	1
73	12	2
73	13	2
73	14	2
73	15	1
73	16	1
73	17	1
73	18	1
73	19	1
73	20	1
73	21	2
73	22	1
73	23	2
73	24	1
73	25	1
73	26	1
73	27	1
73	28	1
73	29	1
73	30	1
73	31	2
73	32	1
73	33	1
73	34	2
73	35	1
73	36	1
73	37	1
73	38	1
73	39	1
74	1	1
74	2	2
74	3	2
74	4	2
74	5	1
74	6	2
74	7	1
74	8	1
74	9	1
74	10	1
74	11	2
74	12	2
74	13	1
74	14	1
74	15	1
74	16	1
74	17	1
74	18	2
74	19	1
74	20	1
74	21	2
74	22	1
74	23	1
74	24	2
74	25	1
74	26	1
74	27	1
74	28	1
74	29	1
74	30	1
74	31	1
74	32	1
74	33	1
74	34	1
74	35	1
74	36	1
74	37	1
74	38	1
74	39	1
75	1	1
75	2	1
75	3	1
75	4	2
75	5	1
75	6	2
75	7	2
75	8	1
75	9	1
75	10	1
75	11	2
75	12	1
75	13	1
75	14	2
75	15	1
75	16	1
75	17	1
75	18	1
75	19	1
75	20	1
75	21	1
75	22	1
75	23	1
75	24	1
75	25	1
75	26	1
75	27	1
75	28	1
75	29	1
75	30	1
75	31	1
75	32	1
75	33	1
75	34	1
75	35	1
75	36	1
75	37	1
75	38	1
75	39	1
76	1	1
76	2	2
76	3	2
76	4	2
76	5	2
76	6	2
76	7	1
76	8	2
76	9	1
76	10	2
76	11	1
76	12	2
76	13	2
76	14	2
76	15	1
76	16	1
76	17	1
76	18	1
76	19	1
76	20	1
76	21	2
76	22	2
76	23	2
76	24	1
76	25	1
76	26	2
76	27	1
76	28	1
76	29	1
76	30	1
76	31	1
76	32	1
76	33	1
76	34	1
76	35	1
76	36	1
76	37	1
76	38	1
76	39	1
77	1	1
77	2	1
77	3	2
77	4	2
77	5	2
77	6	2
77	7	2
77	8	1
77	9	1
77	10	2
77	11	1
77	12	1
77	13	1
77	14	2
77	15	1
77	16	1
77	17	1
77	18	1
77	19	1
77	20	2
77	21	2
77	22	1
77	23	2
77	24	1
77	25	1
77	26	1
77	27	2
77	28	1
77	29	1
77	30	1
77	31	1
77	32	1
77	33	1
77	34	2
77	35	1
77	36	1
77	37	1
77	38	1
77	39	1
78	1	1
78	2	1
78	3	2
78	4	2
78	5	1
78	6	2
78	7	2
78	8	1
78	9	1
78	10	2
78	11	2
78	12	2
78	13	2
78	14	2
78	15	1
78	16	1
78	17	1
78	18	1
78	19	1
78	20	1
78	21	2
78	22	2
78	23	1
78	24	1
78	25	1
78	26	1
78	27	1
78	28	1
78	29	1
78	30	1
78	31	2
78	32	1
78	33	1
78	34	2
78	35	1
78	36	1
78	37	1
78	38	1
78	39	1
79	1	1
79	2	1
79	3	1
79	4	2
79	5	2
79	6	2
79	7	2
79	8	1
79	9	1
79	10	1
79	11	2
79	12	1
79	13	2
79	14	2
79	15	1
79	16	1
79	17	1
79	18	1
79	19	1
79	20	1
79	21	2
79	22	1
79	23	2
79	24	1
79	25	1
79	26	1
79	27	1
79	28	1
79	29	1
79	30	1
79	31	1
79	32	1
79	33	1
79	34	2
79	35	1
79	36	1
79	37	1
79	38	1
79	39	1
80	1	1
80	2	1
80	3	2
80	4	1
80	5	1
80	6	2
80	7	2
80	8	1
80	9	1
80	10	1
80	11	2
80	12	1
80	13	2
80	14	2
80	15	1
80	16	1
80	17	1
80	18	1
80	19	1
80	20	1
80	21	2
80	22	1
80	23	1
80	24	1
80	25	1
80	26	1
80	27	1
80	28	1
80	29	1
80	30	1
80	31	1
80	32	1
80	33	1
80	34	2
80	35	1
80	36	1
80	37	1
80	38	1
80	39	1
81	1	1
81	2	1
81	3	2
81	4	2
81	5	2
81	6	2
81	7	2
81	8	1
81	9	1
81	10	2
81	11	1
81	12	1
81	13	2
81	14	2
81	15	1
81	16	1
81	17	1
81	18	1
81	19	1
81	20	1
81	21	1
81	22	1
81	23	2
81	24	1
81	25	1
81	26	1
81	27	1
81	28	1
81	29	1
81	30	1
81	31	2
81	32	1
81	33	1
81	34	1
81	35	1
81	36	1
81	37	2
81	38	1
81	39	1
82	1	1
82	2	1
82	3	1
82	4	1
82	5	1
82	6	2
82	7	1
82	8	1
82	9	1
82	10	1
82	11	2
82	12	2
82	13	1
82	14	1
82	15	1
82	16	1
82	17	1
82	18	1
82	19	1
82	20	2
82	21	1
82	22	1
82	23	1
82	24	1
82	25	2
82	26	1
82	27	2
82	28	1
82	29	1
82	30	1
82	31	2
82	32	1
82	33	1
82	34	1
82	35	1
82	36	1
82	37	2
82	38	1
82	39	1
83	1	1
83	2	2
83	3	2
83	4	2
83	5	2
83	6	2
83	7	2
83	8	1
83	9	1
83	10	2
83	11	1
83	12	2
83	13	1
83	14	2
83	15	1
83	16	2
83	17	1
83	18	2
83	19	2
83	20	1
83	21	1
83	22	2
83	23	1
83	24	2
83	25	1
83	26	2
83	27	1
83	28	1
83	29	1
83	30	1
83	31	2
83	32	1
83	33	2
83	34	2
83	35	1
83	36	1
83	37	1
83	38	2
83	39	1
84	1	1
84	2	2
84	3	2
84	4	2
84	5	2
84	6	1
84	7	2
84	8	1
84	9	1
84	10	2
84	11	1
84	12	1
84	13	1
84	14	2
84	15	1
84	16	1
84	17	1
84	18	1
84	19	1
84	20	1
84	21	2
84	22	1
84	23	2
84	24	1
84	25	1
84	26	1
84	27	1
84	28	1
84	29	1
84	30	1
84	31	1
84	32	1
84	33	1
84	34	2
84	35	1
84	36	1
84	37	1
84	38	1
84	39	1
85	1	1
85	2	1
85	3	2
85	4	2
85	5	1
85	6	2
85	7	2
85	8	1
85	9	1
85	10	2
85	11	1
85	12	1
85	13	1
85	14	2
85	15	1
85	16	1
85	17	1
85	18	1
85	19	1
85	20	1
85	21	2
85	22	1
85	23	2
85	24	1
85	25	1
85	26	1
85	27	1
85	28	1
85	29	1
85	30	1
85	31	1
85	32	1
85	33	1
85	34	2
85	35	1
85	36	1
85	37	1
85	38	1
85	39	1
86	1	1
86	2	2
86	3	1
86	4	2
86	5	1
86	6	2
86	7	1
86	8	1
86	9	1
86	10	1
86	11	2
86	12	1
86	13	1
86	14	2
86	15	1
86	16	1
86	17	1
86	18	1
86	19	1
86	20	1
86	21	1
86	22	1
86	23	1
86	24	1
86	25	1
86	26	1
86	27	2
86	28	1
86	29	1
86	30	1
86	31	1
86	32	1
86	33	1
86	34	1
86	35	1
86	36	1
86	37	1
86	38	1
86	39	1
87	1	1
87	2	1
87	3	1
87	4	2
87	5	1
87	6	2
87	7	2
87	8	1
87	9	1
87	10	1
87	11	2
87	12	1
87	13	1
87	14	1
87	15	1
87	16	1
87	17	1
87	18	1
87	19	1
87	20	1
87	21	1
87	22	1
87	23	1
87	24	1
87	25	1
87	26	1
87	27	1
87	28	1
87	29	1
87	30	1
87	31	2
87	32	2
87	33	2
87	34	1
87	35	1
87	36	1
87	37	1
87	38	1
87	39	2
88	1	1
88	2	2
88	3	2
88	4	2
88	5	1
88	6	2
88	7	2
88	8	1
88	9	1
88	10	2
88	11	2
88	12	1
88	13	1
88	14	2
88	15	1
88	16	1
88	17	1
88	18	1
88	19	1
88	20	1
88	21	1
88	22	1
88	23	1
88	24	1
88	25	1
88	26	1
88	27	1
88	28	1
88	29	1
88	30	1
88	31	1
88	32	1
88	33	1
88	34	2
88	35	1
88	36	1
88	37	1
88	38	1
88	39	1
89	1	1
89	2	1
89	3	2
89	4	2
89	5	2
89	6	2
89	7	2
89	8	1
89	9	1
89	10	1
89	11	1
89	12	1
89	13	1
89	14	2
89	15	1
89	16	1
89	17	1
89	18	1
89	19	1
89	20	1
89	21	1
89	22	1
89	23	1
89	24	1
89	25	1
89	26	1
89	27	1
89	28	1
89	29	1
89	30	1
89	31	1
89	32	1
89	33	1
89	34	1
89	35	1
89	36	1
89	37	1
89	38	1
89	39	1
90	1	1
90	2	2
90	3	2
90	4	2
90	5	1
90	6	2
90	7	2
90	8	2
90	9	1
90	10	1
90	11	2
90	12	2
90	13	1
90	14	2
90	15	1
90	16	1
90	17	1
90	18	1
90	19	1
90	20	1
90	21	2
90	22	1
90	23	1
90	24	2
90	25	1
90	26	1
90	27	1
90	28	1
90	29	1
90	30	1
90	31	1
90	32	1
90	33	1
90	34	2
90	35	1
90	36	1
90	37	1
90	38	1
90	39	1
91	1	1
91	2	2
91	3	2
91	4	2
91	5	1
91	6	2
91	7	2
91	8	2
91	9	1
91	10	2
91	11	1
91	12	2
91	13	1
91	14	2
91	15	1
91	16	1
91	17	1
91	18	1
91	19	1
91	20	1
91	21	1
91	22	1
91	23	1
91	24	1
91	25	1
91	26	1
91	27	2
91	28	1
91	29	1
91	30	1
91	31	1
91	32	1
91	33	1
91	34	2
91	35	1
91	36	1
91	37	2
91	38	1
91	39	1
92	1	1
92	2	1
92	3	1
92	4	2
92	5	2
92	6	2
92	7	2
92	8	1
92	9	1
92	10	1
92	11	1
92	12	1
92	13	1
92	14	2
92	15	1
92	16	1
92	17	1
92	18	2
92	19	1
92	20	1
92	21	1
92	22	2
92	23	1
92	24	1
92	25	1
92	26	1
92	27	1
92	28	1
92	29	1
92	30	1
92	31	1
92	32	1
92	33	1
92	34	1
92	35	1
92	36	1
92	37	1
92	38	1
92	39	1
93	1	1
93	2	1
93	3	2
93	4	2
93	5	2
93	6	2
93	7	2
93	8	1
93	9	1
93	10	2
93	11	1
93	12	1
93	13	1
93	14	2
93	15	1
93	16	1
93	17	1
93	18	1
93	19	1
93	20	1
93	21	2
93	22	1
93	23	2
93	24	1
93	25	1
93	26	1
93	27	1
93	28	1
93	29	1
93	30	1
93	31	1
93	32	1
93	33	1
93	34	2
93	35	1
93	36	1
93	37	1
93	38	1
93	39	1
94	1	1
94	2	1
94	3	2
94	4	2
94	5	2
94	6	2
94	7	2
94	8	1
94	9	1
94	10	2
94	11	1
94	12	1
94	13	1
94	14	2
94	15	1
94	16	2
94	17	1
94	18	1
94	19	1
94	20	1
94	21	1
94	22	1
94	23	2
94	24	1
94	25	1
94	26	1
94	27	1
94	28	1
94	29	1
94	30	1
94	31	2
94	32	1
94	33	1
94	34	2
94	35	1
94	36	1
94	37	1
94	38	1
94	39	1
95	1	1
95	2	1
95	3	2
95	4	2
95	5	1
95	6	2
95	7	2
95	8	1
95	9	1
95	10	2
95	11	1
95	12	2
95	13	1
95	14	2
95	15	1
95	16	1
95	17	1
95	18	1
95	19	1
95	20	1
95	21	1
95	22	1
95	23	1
95	24	1
95	25	1
95	26	1
95	27	1
95	28	1
95	29	1
95	30	1
95	31	1
95	32	1
95	33	1
95	34	1
95	35	1
95	36	1
95	37	1
95	38	1
95	39	1
96	1	1
96	2	1
96	3	2
96	4	2
96	5	2
96	6	2
96	7	2
96	8	1
96	9	1
96	10	2
96	11	1
96	12	1
96	13	1
96	14	2
96	15	1
96	16	1
96	17	1
96	18	1
96	19	1
96	20	1
96	21	2
96	22	1
96	23	1
96	24	1
96	25	1
96	26	1
96	27	1
96	28	1
96	29	1
96	30	1
96	31	1
96	32	1
96	33	1
96	34	2
96	35	1
96	36	1
96	37	1
96	38	1
96	39	1
97	1	1
97	2	1
97	3	1
97	4	2
97	5	1
97	6	2
97	7	2
97	8	1
97	9	1
97	10	1
97	11	1
97	12	1
97	13	1
97	14	2
97	15	1
97	16	2
97	17	1
97	18	1
97	19	1
97	20	1
97	21	2
97	22	1
97	23	2
97	24	1
97	25	1
97	26	1
97	27	2
97	28	1
97	29	1
97	30	1
97	31	1
97	32	1
97	33	1
97	34	1
97	35	1
97	36	1
97	37	1
97	38	1
97	39	1
98	1	1
98	2	1
98	3	2
98	4	2
98	5	2
98	6	2
98	7	2
98	8	1
98	9	1
98	10	2
98	11	2
98	12	2
98	13	1
98	14	2
98	15	1
98	16	1
98	17	1
98	18	1
98	19	1
98	20	1
98	21	1
98	22	1
98	23	2
98	24	1
98	25	1
98	26	1
98	27	2
98	28	2
98	29	1
98	30	1
98	31	2
98	32	1
98	33	2
98	34	2
98	35	1
98	36	1
98	37	1
98	38	1
98	39	2
99	1	2
99	2	2
99	3	2
99	4	1
99	5	2
99	6	2
99	7	2
99	8	2
99	9	1
99	10	2
99	11	2
99	12	2
99	13	1
99	14	2
99	15	1
99	16	2
99	17	2
99	18	1
99	19	2
99	20	1
99	21	1
99	22	2
99	23	1
99	24	2
99	25	2
99	26	1
99	27	1
99	28	1
99	29	1
99	30	2
99	31	1
99	32	2
99	33	1
99	34	2
99	35	2
99	36	1
99	37	1
99	38	1
99	39	2
100	1	1
100	2	2
100	3	2
100	4	1
100	5	2
100	6	2
100	7	2
100	8	1
100	9	1
100	10	1
100	11	2
100	12	1
100	13	2
100	14	2
100	15	1
100	16	1
100	17	1
100	18	1
100	19	1
100	20	1
100	21	2
100	22	1
100	23	1
100	24	1
100	25	1
100	26	1
100	27	1
100	28	1
100	29	1
100	30	1
100	31	1
100	32	1
100	33	1
100	34	2
100	35	1
100	36	1
100	37	1
100	38	1
100	39	1
101	1	1
101	2	1
101	3	2
101	4	1
101	5	2
101	6	2
101	7	2
101	8	1
101	9	1
101	10	2
101	11	1
101	12	2
101	13	2
101	14	2
101	15	1
101	16	1
101	17	1
101	18	1
101	19	1
101	20	1
101	21	1
101	22	2
101	23	1
101	24	1
101	25	1
101	26	2
101	27	1
101	28	1
101	29	1
101	30	1
101	31	1
101	32	1
101	33	1
101	34	2
101	35	1
101	36	1
101	37	1
101	38	1
101	39	1
102	1	1
102	2	1
102	3	2
102	4	1
102	5	2
102	6	2
102	7	2
102	8	1
102	9	1
102	10	1
102	11	1
102	12	2
102	13	2
102	14	2
102	15	1
102	16	1
102	17	1
102	18	1
102	19	1
102	20	1
102	21	1
102	22	1
102	23	1
102	24	1
102	25	1
102	26	1
102	27	1
102	28	1
102	29	1
102	30	1
102	31	2
102	32	1
102	33	1
102	34	1
102	35	1
102	36	1
102	37	1
102	38	1
102	39	1
103	1	1
103	2	1
103	3	2
103	4	2
103	5	2
103	6	2
103	7	2
103	8	1
103	9	1
103	10	2
103	11	1
103	12	1
103	13	2
103	14	2
103	15	1
103	16	1
103	17	1
103	18	1
103	19	1
103	20	1
103	21	2
103	22	1
103	23	1
103	24	1
103	25	1
103	26	1
103	27	1
103	28	1
103	29	1
103	30	1
103	31	1
103	32	1
103	33	1
103	34	2
103	35	1
103	36	1
103	37	1
103	38	1
103	39	1
104	1	1
104	2	1
104	3	2
104	4	2
104	5	2
104	6	2
104	7	1
104	8	2
104	9	1
104	10	1
104	11	1
104	12	1
104	13	1
104	14	2
104	15	1
104	16	1
104	17	2
104	18	1
104	19	1
104	20	2
104	21	1
104	22	1
104	23	1
104	24	1
104	25	1
104	26	1
104	27	1
104	28	1
104	29	1
104	30	1
104	31	1
104	32	1
104	33	1
104	34	1
104	35	1
104	36	1
104	37	1
104	38	1
104	39	1
105	1	1
105	2	1
105	3	2
105	4	2
105	5	2
105	6	2
105	7	2
105	8	2
105	9	1
105	10	1
105	11	1
105	12	1
105	13	1
105	14	2
105	15	1
105	16	1
105	17	1
105	18	1
105	19	1
105	20	1
105	21	2
105	22	1
105	23	2
105	24	1
105	25	1
105	26	1
105	27	1
105	28	1
105	29	1
105	30	1
105	31	1
105	32	1
105	33	1
105	34	1
105	35	1
105	36	1
105	37	1
105	38	1
105	39	1
106	1	1
106	2	1
106	3	1
106	4	2
106	5	2
106	6	2
106	7	2
106	8	1
106	9	1
106	10	1
106	11	2
106	12	1
106	13	1
106	14	2
106	15	2
106	16	1
106	17	1
106	18	1
106	19	1
106	20	1
106	21	2
106	22	1
106	23	1
106	24	1
106	25	1
106	26	1
106	27	1
106	28	1
106	29	1
106	30	1
106	31	1
106	32	1
106	33	1
106	34	2
106	35	1
106	36	1
106	37	1
106	38	1
106	39	1
107	1	1
107	2	1
107	3	1
107	4	2
107	5	1
107	6	2
107	7	2
107	8	1
107	9	1
107	10	1
107	11	1
107	12	1
107	13	1
107	14	2
107	15	1
107	16	1
107	17	1
107	18	1
107	19	1
107	20	1
107	21	1
107	22	1
107	23	1
107	24	1
107	25	1
107	26	1
107	27	1
107	28	1
107	29	1
107	30	1
107	31	1
107	32	1
107	33	1
107	34	1
107	35	1
107	36	1
107	37	1
107	38	1
107	39	1
108	1	1
108	2	1
108	3	1
108	4	2
108	5	2
108	6	2
108	7	2
108	8	1
108	9	1
108	10	2
108	11	2
108	12	1
108	13	1
108	14	1
108	15	1
108	16	1
108	17	1
108	18	1
108	19	1
108	20	1
108	21	1
108	22	1
108	23	1
108	24	1
108	25	1
108	26	1
108	27	1
108	28	1
108	29	1
108	30	1
108	31	1
108	32	1
108	33	1
108	34	1
108	35	1
108	36	1
108	37	1
108	38	1
108	39	1