1	4
1	4
1	4
1	4
1	4
1	4
1	4
1	4
1	4
1	4
2	3
2	3
2	3
2	3
2	3
2	3
2	3
2	3
2	3
2	3
3	2
3	2
3	2
3	2
3	2
3	2
3	2
3	2
3	2
3	2
4	1
4	1
4	1
4	1
4	1
4	1
4	1
4	1
4	1
4	1
5	4
5	4
5	4
5	4
5	4
5	4
5	4
5	4
5	4
5	4
6	3
6	3
6	3
6	3
6	3
6	3
6	3
6	3
6	3
6	3
7	1
7	1
7	1
7	1
7	1
7	1
7	1
7	1
7	1
7	1
8	1
8	1
8	1
8	1
8	1
8	1
8	1
8	1
8	1
8	1
9	1
9	1
9	1
9	1
9	1
9	1
9	1
9	1
9	1
9	1
10	1
10	1
10	1
10	1
10	1
10	1
10	1
10	1
10	1
10	1
11	1
11	1
11	1
11	1
11	1
11	1
11	1
11	1
11	1
11	1
12	2
12	2
12	2
12	2
12	2
12	2
12	2
12	2
12	2
12	2
13	4
13	4
13	4
13	4
13	4
13	4
13	4
13	4
13	4
13	4
14	2
14	2
14	2
14	2
14	2
14	2
14	2
14	2
14	2
14	2
15	4
15	4
15	4
15	4
15	4
15	4
15	4
15	4
15	4
15	4
16	1
16	1
16	1
16	1
16	1
16	1
16	1
16	1
16	1
16	1
17	4
17	4
17	4
17	4
17	4
17	4
17	4
17	4
17	4
17	4
18	2
18	2
18	2
18	2
18	2
18	2
18	2
18	2
18	2
18	2
19	2
19	2
19	2
19	2
19	2
19	2
19	2
19	2
19	2
19	2
20	2
20	2
20	2
20	2
20	2
20	2
20	2
20	2
20	2
20	2
21	3
21	3
21	3
21	3
21	3
21	3
21	3
21	3
21	3
21	3
22	4
22	4
22	4
22	4
22	4
22	4
22	4
22	4
22	4
22	4
23	1
23	1
23	1
23	1
23	1
23	1
23	1
23	1
23	1
23	1
24	2
24	2
24	2
24	2
24	2
24	2
24	2
24	2
24	2
24	2
25	3
25	3
25	3
25	3
25	3
25	3
25	3
25	3
25	3
25	3
26	4
26	4
26	4
26	4
26	4
26	4
26	4
26	4
26	4
26	4
27	4
27	4
27	4
27	4
27	4
27	4
27	4
27	4
27	4
27	4
28	3
28	3
28	3
28	3
28	3
28	3
28	3
28	3
28	3
28	3
29	4
29	4
29	4
29	4
29	4
29	4
29	4
29	4
29	4
29	4
30	2
30	2
30	2
30	2
30	2
30	2
30	2
30	2
30	2
30	2
31	3
31	3
31	3
31	3
31	3
31	3
31	3
31	3
31	3
31	3
32	2
32	2
32	2
32	2
32	2
32	2
32	2
32	2
32	2
32	2
33	1
33	1
33	1
33	1
33	1
33	1
33	1
33	1
33	1
33	1
34	1
34	1
34	1
34	1
34	1
34	1
34	1
34	1
34	1
34	1
35	4
35	4
35	4
35	4
35	4
35	4
35	4
35	4
35	4
35	4
36	4
36	4
36	4
36	4
36	4
36	4
36	4
36	4
36	4
36	4
37	4
37	4
37	4
37	4
37	4
37	4
37	4
37	4
37	4
37	4
38	3
38	3
38	3
38	3
38	3
38	3
38	3
38	3
38	3
38	3
39	4
39	4
39	4
39	4
39	4
39	4
39	4
39	4
39	4
39	4
40	3
40	3
40	3
40	3
40	3
40	3
40	3
40	3
40	3
40	3
41	3
41	3
41	3
41	3
41	3
41	3
41	3
41	3
41	3
41	3
42	1
42	1
42	1
42	1
42	1
42	1
42	1
42	1
42	1
42	1
43	4
43	4
43	4
43	4
43	4
43	4
43	4
43	4
43	4
43	4
44	3
44	3
44	3
44	3
44	3
44	3
44	3
44	3
44	3
44	3
45	1
45	1
45	1
45	1
45	1
45	1
45	1
45	1
45	1
45	1
46	1
46	1
46	1
46	1
46	1
46	1
46	1
46	1
46	1
46	1
47	2
47	2
47	2
47	2
47	2
47	2
47	2
47	2
47	2
47	2
48	3
48	3
48	3
48	3
48	3
48	3
48	3
48	3
48	3
48	3
49	3
49	3
49	3
49	3
49	3
49	3
49	3
49	3
49	3
49	3
50	2
50	2
50	2
50	2
50	2
50	2
50	2
50	2
50	2
50	2
51	3
51	3
51	3
51	3
51	3
51	3
51	3
51	3
51	3
51	3
52	3
52	3
52	3
52	3
52	3
52	3
52	3
52	3
52	3
52	3
53	2
53	2
53	2
53	2
53	2
53	2
53	2
53	2
53	2
53	2
54	1
54	1
54	1
54	1
54	1
54	1
54	1
54	1
54	1
54	1
55	3
55	3
55	3
55	3
55	3
55	3
55	3
55	3
55	3
55	3
56	2
56	2
56	2
56	2
56	2
56	2
56	2
56	2
56	2
56	2
57	4
57	4
57	4
57	4
57	4
57	4
57	4
57	4
57	4
57	4
58	4
58	4
58	4
58	4
58	4
58	4
58	4
58	4
58	4
58	4
59	2
59	2
59	2
59	2
59	2
59	2
59	2
59	2
59	2
59	2
60	3
60	3
60	3
60	3
60	3
60	3
60	3
60	3
60	3
60	3
61	4
61	4
61	4
61	4
61	4
61	4
61	4
61	4
61	4
61	4
62	1
62	1
62	1
62	1
62	1
62	1
62	1
62	1
62	1
62	1
63	2
63	2
63	2
63	2
63	2
63	2
63	2
63	2
63	2
63	2
64	3
64	3
64	3
64	3
64	3
64	3
64	3
64	3
64	3
64	3
65	4
65	4
65	4
65	4
65	4
65	4
65	4
65	4
65	4
65	4
66	4
66	4
66	4
66	4
66	4
66	4
66	4
66	4
66	4
66	4
67	3
67	3
67	3
67	3
67	3
67	3
67	3
67	3
67	3
67	3
68	1
68	1
68	1
68	1
68	1
68	1
68	1
68	1
68	1
68	1
69	3
69	3
69	3
69	3
69	3
69	3
69	3
69	3
69	3
69	3
70	3
70	3
70	3
70	3
70	3
70	3
70	3
70	3
70	3
70	3
71	3
71	3
71	3
71	3
71	3
71	3
71	3
71	3
71	3
71	3
72	4
72	4
72	4
72	4
72	4
72	4
72	4
72	4
72	4
72	4
73	2
73	2
73	2
73	2
73	2
73	2
73	2
73	2
73	2
73	2
74	2
74	2
74	2
74	2
74	2
74	2
74	2
74	2
74	2
74	2
75	4
75	4
75	4
75	4
75	4
75	4
75	4
75	4
75	4
75	4
76	4
76	4
76	4
76	4
76	4
76	4
76	4
76	4
76	4
76	4
77	4
77	4
77	4
77	4
77	4
77	4
77	4
77	4
77	4
77	4
78	4
78	4
78	4
78	4
78	4
78	4
78	4
78	4
78	4
78	4
79	3
79	3
79	3
79	3
79	3
79	3
79	3
79	3
79	3
79	3
80	2
80	2
80	2
80	2
80	2
80	2
80	2
80	2
80	2
80	2
81	2
81	2
81	2
81	2
81	2
81	2
81	2
81	2
81	2
81	2
82	3
82	3
82	3
82	3
82	3
82	3
82	3
82	3
82	3
82	3
83	1
83	1
83	1
83	1
83	1
83	1
83	1
83	1
83	1
83	1
84	1
84	1
84	1
84	1
84	1
84	1
84	1
84	1
84	1
84	1
85	2
85	2
85	2
85	2
85	2
85	2
85	2
85	2
85	2
85	2
86	1
86	1
86	1
86	1
86	1
86	1
86	1
86	1
86	1
86	1
87	2
87	2
87	2
87	2
87	2
87	2
87	2
87	2
87	2
87	2
88	2
88	2
88	2
88	2
88	2
88	2
88	2
88	2
88	2
88	2
89	1
89	1
89	1
89	1
89	1
89	1
89	1
89	1
89	1
89	1
90	2
90	2
90	2
90	2
90	2
90	2
90	2
90	2
90	2
90	2
91	2
91	2
91	2
91	2
91	2
91	2
91	2
91	2
91	2
91	2
92	1
92	1
92	1
92	1
92	1
92	1
92	1
92	1
92	1
92	1
93	3
93	3
93	3
93	3
93	3
93	3
93	3
93	3
93	3
93	3
94	4
94	4
94	4
94	4
94	4
94	4
94	4
94	4
94	4
94	4
95	2
95	2
95	2
95	2
95	2
95	2
95	2
95	2
95	2
95	2
96	3
96	3
96	3
96	3
96	3
96	3
96	3
96	3
96	3
96	3
97	2
97	2
97	2
97	2
97	2
97	2
97	2
97	2
97	2
97	2
98	3
98	3
98	3
98	3
98	3
98	3
98	3
98	3
98	3
98	3
99	1
99	1
99	1
99	1
99	1
99	1
99	1
99	1
99	1
99	1
100	1
100	1
100	1
100	1
100	1
100	1
100	1
100	1
100	1
100	1
101	3
101	3
101	3
101	3
101	3
101	3
101	3
101	3
101	3
101	3
102	2
102	2
102	2
102	2
102	2
102	2
102	2
102	2
102	2
102	2
103	2
103	2
103	2
103	2
103	2
103	2
103	2
103	2
103	2
103	2
104	3
104	3
104	3
104	3
104	3
104	3
104	3
104	3
104	3
104	3
105	2
105	2
105	2
105	2
105	2
105	2
105	2
105	2
105	2
105	2
106	4
106	4
106	4
106	4
106	4
106	4
106	4
106	4
106	4
106	4
107	4
107	4
107	4
107	4
107	4
107	4
107	4
107	4
107	4
107	4
108	1
108	1
108	1
108	1
108	1
108	1
108	1
108	1
108	1
108	1
109	2
109	2
109	2
109	2
109	2
109	2
109	2
109	2
109	2
109	2
110	3
110	3
110	3
110	3
110	3
110	3
110	3
110	3
110	3
110	3
111	4
111	4
111	4
111	4
111	4
111	4
111	4
111	4
111	4
111	4
112	1
112	1
112	1
112	1
112	1
112	1
112	1
112	1
112	1
112	1
113	4
113	4
113	4
113	4
113	4
113	4
113	4
113	4
113	4
113	4
114	3
114	3
114	3
114	3
114	3
114	3
114	3
114	3
114	3
114	3
115	3
115	3
115	3
115	3
115	3
115	3
115	3
115	3
115	3
115	3
116	4
116	4
116	4
116	4
116	4
116	4
116	4
116	4
116	4
116	4
117	3
117	3
117	3
117	3
117	3
117	3
117	3
117	3
117	3
117	3
118	3
118	3
118	3
118	3
118	3
118	3
118	3
118	3
118	3
118	3
119	1
119	1
119	1
119	1
119	1
119	1
119	1
119	1
119	1
119	1
120	1
120	1
120	1
120	1
120	1
120	1
120	1
120	1
120	1
120	1
121	1
121	1
121	1
121	1
121	1
121	1
121	1
121	1
121	1
121	1
122	3
122	3
122	3
122	3
122	3
122	3
122	3
122	3
122	3
122	3
123	3
123	3
123	3
123	3
123	3
123	3
123	3
123	3
123	3
123	3
124	3
124	3
124	3
124	3
124	3
124	3
124	3
124	3
124	3
124	3
125	1
125	1
125	1
125	1
125	1
125	1
125	1
125	1
125	1
125	1
126	3
126	3
126	3
126	3
126	3
126	3
126	3
126	3
126	3
126	3
127	4
127	4
127	4
127	4
127	4
127	4
127	4
127	4
127	4
127	4
128	4
128	4
128	4
128	4
128	4
128	4
128	4
128	4
128	4
128	4
129	3
129	3
129	3
129	3
129	3
129	3
129	3
129	3
129	3
129	3
130	2
130	2
130	2
130	2
130	2
130	2
130	2
130	2
130	2
130	2
131	1
131	1
131	1
131	1
131	1
131	1
131	1
131	1
131	1
131	1
132	2
132	2
132	2
132	2
132	2
132	2
132	2
132	2
132	2
132	2
133	2
133	2
133	2
133	2
133	2
133	2
133	2
133	2
133	2
133	2
134	4
134	4
134	4
134	4
134	4
134	4
134	4
134	4
134	4
134	4
135	3
135	3
135	3
135	3
135	3
135	3
135	3
135	3
135	3
135	3
136	2
136	2
136	2
136	2
136	2
136	2
136	2
136	2
136	2
136	2
137	4
137	4
137	4
137	4
137	4
137	4
137	4
137	4
137	4
137	4
138	3
138	3
138	3
138	3
138	3
138	3
138	3
138	3
138	3
138	3
139	4
139	4
139	4
139	4
139	4
139	4
139	4
139	4
139	4
139	4
140	1
140	1
140	1
140	1
140	1
140	1
140	1
140	1
140	1
140	1
141	4
141	4
141	4
141	4
141	4
141	4
141	4
141	4
141	4
141	4
142	3
142	3
142	3
142	3
142	3
142	3
142	3
142	3
142	3
142	3
143	1
143	1
143	1
143	1
143	1
143	1
143	1
143	1
143	1
143	1
144	2
144	2
144	2
144	2
144	2
144	2
144	2
144	2
144	2
144	2
145	1
145	1
145	1
145	1
145	1
145	1
145	1
145	1
145	1
145	1
146	2
146	2
146	2
146	2
146	2
146	2
146	2
146	2
146	2
146	2
147	4
147	4
147	4
147	4
147	4
147	4
147	4
147	4
147	4
147	4
148	3
148	3
148	3
148	3
148	3
148	3
148	3
148	3
148	3
148	3
149	4
149	4
149	4
149	4
149	4
149	4
149	4
149	4
149	4
149	4
150	4
150	4
150	4
150	4
150	4
150	4
150	4
150	4
150	4
150	4
151	4
151	4
151	4
151	4
151	4
151	4
151	4
151	4
151	4
151	4
152	2
152	2
152	2
152	2
152	2
152	2
152	2
152	2
152	2
152	2
153	3
153	3
153	3
153	3
153	3
153	3
153	3
153	3
153	3
153	3
154	1
154	1
154	1
154	1
154	1
154	1
154	1
154	1
154	1
154	1
155	3
155	3
155	3
155	3
155	3
155	3
155	3
155	3
155	3
155	3
156	3
156	3
156	3
156	3
156	3
156	3
156	3
156	3
156	3
156	3
157	2
157	2
157	2
157	2
157	2
157	2
157	2
157	2
157	2
157	2
158	3
158	3
158	3
158	3
158	3
158	3
158	3
158	3
158	3
158	3
159	2
159	2
159	2
159	2
159	2
159	2
159	2
159	2
159	2
159	2
160	2
160	2
160	2
160	2
160	2
160	2
160	2
160	2
160	2
160	2
161	3
161	3
161	3
161	3
161	3
161	3
161	3
161	3
161	3
161	3
162	2
162	2
162	2
162	2
162	2
162	2
162	2
162	2
162	2
162	2
163	4
163	4
163	4
163	4
163	4
163	4
163	4
163	4
163	4
163	4
164	4
164	4
164	4
164	4
164	4
164	4
164	4
164	4
164	4
164	4
165	1
165	1
165	1
165	1
165	1
165	1
165	1
165	1
165	1
165	1
166	3
166	3
166	3
166	3
166	3
166	3
166	3
166	3
166	3
166	3
167	1
167	1
167	1
167	1
167	1
167	1
167	1
167	1
167	1
167	1
168	1
168	1
168	1
168	1
168	1
168	1
168	1
168	1
168	1
168	1
169	2
169	2
169	2
169	2
169	2
169	2
169	2
169	2
169	2
169	2
170	2
170	2
170	2
170	2
170	2
170	2
170	2
170	2
170	2
170	2
171	3
171	3
171	3
171	3
171	3
171	3
171	3
171	3
171	3
171	3
172	3
172	3
172	3
172	3
172	3
172	3
172	3
172	3
172	3
172	3
173	2
173	2
173	2
173	2
173	2
173	2
173	2
173	2
173	2
173	2
174	4
174	4
174	4
174	4
174	4
174	4
174	4
174	4
174	4
174	4
175	2
175	2
175	2
175	2
175	2
175	2
175	2
175	2
175	2
175	2
176	2
176	2
176	2
176	2
176	2
176	2
176	2
176	2
176	2
176	2
177	1
177	1
177	1
177	1
177	1
177	1
177	1
177	1
177	1
177	1
178	4
178	4
178	4
178	4
178	4
178	4
178	4
178	4
178	4
178	4
179	3
179	3
179	3
179	3
179	3
179	3
179	3
179	3
179	3
179	3
180	4
180	4
180	4
180	4
180	4
180	4
180	4
180	4
180	4
180	4
181	4
181	4
181	4
181	4
181	4
181	4
181	4
181	4
181	4
181	4
182	4
182	4
182	4
182	4
182	4
182	4
182	4
182	4
182	4
182	4
183	4
183	4
183	4
183	4
183	4
183	4
183	4
183	4
183	4
183	4
184	4
184	4
184	4
184	4
184	4
184	4
184	4
184	4
184	4
184	4
185	4
185	4
185	4
185	4
185	4
185	4
185	4
185	4
185	4
185	4
186	3
186	3
186	3
186	3
186	3
186	3
186	3
186	3
186	3
186	3
187	4
187	4
187	4
187	4
187	4
187	4
187	4
187	4
187	4
187	4
188	1
188	1
188	1
188	1
188	1
188	1
188	1
188	1
188	1
188	1
189	1
189	1
189	1
189	1
189	1
189	1
189	1
189	1
189	1
189	1
190	4
190	4
190	4
190	4
190	4
190	4
190	4
190	4
190	4
190	4
191	2
191	2
191	2
191	2
191	2
191	2
191	2
191	2
191	2
191	2
192	4
192	4
192	4
192	4
192	4
192	4
192	4
192	4
192	4
192	4
193	4
193	4
193	4
193	4
193	4
193	4
193	4
193	4
193	4
193	4
194	1
194	1
194	1
194	1
194	1
194	1
194	1
194	1
194	1
194	1
195	4
195	4
195	4
195	4
195	4
195	4
195	4
195	4
195	4
195	4
196	4
196	4
196	4
196	4
196	4
196	4
196	4
196	4
196	4
196	4
197	4
197	4
197	4
197	4
197	4
197	4
197	4
197	4
197	4
197	4
198	3
198	3
198	3
198	3
198	3
198	3
198	3
198	3
198	3
198	3
199	4
199	4
199	4
199	4
199	4
199	4
199	4
199	4
199	4
199	4
200	4
200	4
200	4
200	4
200	4
200	4
200	4
200	4
200	4
200	4
201	3
201	3
201	3
201	3
201	3
201	3
201	3
201	3
201	3
201	3
202	3
202	3
202	3
202	3
202	3
202	3
202	3
202	3
202	3
202	3
203	3
203	3
203	3
203	3
203	3
203	3
203	3
203	3
203	3
203	3
204	2
204	2
204	2
204	2
204	2
204	2
204	2
204	2
204	2
204	2
205	1
205	1
205	1
205	1
205	1
205	1
205	1
205	1
205	1
205	1
206	4
206	4
206	4
206	4
206	4
206	4
206	4
206	4
206	4
206	4
207	2
207	2
207	2
207	2
207	2
207	2
207	2
207	2
207	2
207	2
208	2
208	2
208	2
208	2
208	2
208	2
208	2
208	2
208	2
208	2
209	3
209	3
209	3
209	3
209	3
209	3
209	3
209	3
209	3
209	3
210	3
210	3
210	3
210	3
210	3
210	3
210	3
210	3
210	3
210	3
211	1
211	1
211	1
211	1
211	1
211	1
211	1
211	1
211	1
211	1
212	2
212	2
212	2
212	2
212	2
212	2
212	2
212	2
212	2
212	2
213	2
213	2
213	2
213	2
213	2
213	2
213	2
213	2
213	2
213	2
214	2
214	2
214	2
214	2
214	2
214	2
214	2
214	2
214	2
214	2
215	1
215	1
215	1
215	1
215	1
215	1
215	1
215	1
215	1
215	1
216	1
216	1
216	1
216	1
216	1
216	1
216	1
216	1
216	1
216	1
217	2
217	2
217	2
217	2
217	2
217	2
217	2
217	2
217	2
217	2
218	3
218	3
218	3
218	3
218	3
218	3
218	3
218	3
218	3
218	3
219	2
219	2
219	2
219	2
219	2
219	2
219	2
219	2
219	2
219	2
220	1
220	1
220	1
220	1
220	1
220	1
220	1
220	1
220	1
220	1
221	4
221	4
221	4
221	4
221	4
221	4
221	4
221	4
221	4
221	4
222	3
222	3
222	3
222	3
222	3
222	3
222	3
222	3
222	3
222	3
223	3
223	3
223	3
223	3
223	3
223	3
223	3
223	3
223	3
223	3
224	1
224	1
224	1
224	1
224	1
224	1
224	1
224	1
224	1
224	1
225	1
225	1
225	1
225	1
225	1
225	1
225	1
225	1
225	1
225	1
226	3
226	3
226	3
226	3
226	3
226	3
226	3
226	3
226	3
226	3
227	4
227	4
227	4
227	4
227	4
227	4
227	4
227	4
227	4
227	4
228	3
228	3
228	3
228	3
228	3
228	3
228	3
228	3
228	3
228	3
229	1
229	1
229	1
229	1
229	1
229	1
229	1
229	1
229	1
229	1
230	2
230	2
230	2
230	2
230	2
230	2
230	2
230	2
230	2
230	2
231	2
231	2
231	2
231	2
231	2
231	2
231	2
231	2
231	2
231	2
232	4
232	4
232	4
232	4
232	4
232	4
232	4
232	4
232	4
232	4
233	2
233	2
233	2
233	2
233	2
233	2
233	2
233	2
233	2
233	2
234	2
234	2
234	2
234	2
234	2
234	2
234	2
234	2
234	2
234	2
235	3
235	3
235	3
235	3
235	3
235	3
235	3
235	3
235	3
235	3
236	1
236	1
236	1
236	1
236	1
236	1
236	1
236	1
236	1
236	1
237	2
237	2
237	2
237	2
237	2
237	2
237	2
237	2
237	2
237	2
238	3
238	3
238	3
238	3
238	3
238	3
238	3
238	3
238	3
238	3
239	2
239	2
239	2
239	2
239	2
239	2
239	2
239	2
239	2
239	2
240	3
240	3
240	3
240	3
240	3
240	3
240	3
240	3
240	3
240	3
241	1
241	1
241	1
241	1
241	1
241	1
241	1
241	1
241	1
241	1
242	3
242	3
242	3
242	3
242	3
242	3
242	3
242	3
242	3
242	3
243	2
243	2
243	2
243	2
243	2
243	2
243	2
243	2
243	2
243	2
244	2
244	2
244	2
244	2
244	2
244	2
244	2
244	2
244	2
244	2
245	4
245	4
245	4
245	4
245	4
245	4
245	4
245	4
245	4
245	4
246	4
246	4
246	4
246	4
246	4
246	4
246	4
246	4
246	4
246	4
247	3
247	3
247	3
247	3
247	3
247	3
247	3
247	3
247	3
247	3
248	3
248	3
248	3
248	3
248	3
248	3
248	3
248	3
248	3
248	3
249	2
249	2
249	2
249	2
249	2
249	2
249	2
249	2
249	2
249	2
250	4
250	4
250	4
250	4
250	4
250	4
250	4
250	4
250	4
250	4
251	2
251	2
251	2
251	2
251	2
251	2
251	2
251	2
251	2
251	2
252	3
252	3
252	3
252	3
252	3
252	3
252	3
252	3
252	3
252	3
253	3
253	3
253	3
253	3
253	3
253	3
253	3
253	3
253	3
253	3
254	4
254	4
254	4
254	4
254	4
254	4
254	4
254	4
254	4
254	4
255	3
255	3
255	3
255	3
255	3
255	3
255	3
255	3
255	3
255	3
256	2
256	2
256	2
256	2
256	2
256	2
256	2
256	2
256	2
256	2
257	1
257	1
257	1
257	1
257	1
257	1
257	1
257	1
257	1
257	1
258	4
258	4
258	4
258	4
258	4
258	4
258	4
258	4
258	4
258	4
259	3
259	3
259	3
259	3
259	3
259	3
259	3
259	3
259	3
259	3
260	3
260	3
260	3
260	3
260	3
260	3
260	3
260	3
260	3
260	3
261	2
261	2
261	2
261	2
261	2
261	2
261	2
261	2
261	2
261	2
262	3
262	3
262	3
262	3
262	3
262	3
262	3
262	3
262	3
262	3
263	1
263	1
263	1
263	1
263	1
263	1
263	1
263	1
263	1
263	1
264	2
264	2
264	2
264	2
264	2
264	2
264	2
264	2
264	2
264	2
265	4
265	4
265	4
265	4
265	4
265	4
265	4
265	4
265	4
265	4
266	2
266	2
266	2
266	2
266	2
266	2
266	2
266	2
266	2
266	2
267	3
267	3
267	3
267	3
267	3
267	3
267	3
267	3
267	3
267	3
268	3
268	3
268	3
268	3
268	3
268	3
268	3
268	3
268	3
268	3
269	1
269	1
269	1
269	1
269	1
269	1
269	1
269	1
269	1
269	1
270	4
270	4
270	4
270	4
270	4
270	4
270	4
270	4
270	4
270	4
271	4
271	4
271	4
271	4
271	4
271	4
271	4
271	4
271	4
271	4
272	4
272	4
272	4
272	4
272	4
272	4
272	4
272	4
272	4
272	4
273	4
273	4
273	4
273	4
273	4
273	4
273	4
273	4
273	4
273	4
274	3
274	3
274	3
274	3
274	3
274	3
274	3
274	3
274	3
274	3
275	2
275	2
275	2
275	2
275	2
275	2
275	2
275	2
275	2
275	2
276	3
276	3
276	3
276	3
276	3
276	3
276	3
276	3
276	3
276	3
277	3
277	3
277	3
277	3
277	3
277	3
277	3
277	3
277	3
277	3
278	3
278	3
278	3
278	3
278	3
278	3
278	3
278	3
278	3
278	3
279	2
279	2
279	2
279	2
279	2
279	2
279	2
279	2
279	2
279	2
280	4
280	4
280	4
280	4
280	4
280	4
280	4
280	4
280	4
280	4
281	1
281	1
281	1
281	1
281	1
281	1
281	1
281	1
281	1
281	1
282	2
282	2
282	2
282	2
282	2
282	2
282	2
282	2
282	2
282	2
283	1
283	1
283	1
283	1
283	1
283	1
283	1
283	1
283	1
283	1
284	2
284	2
284	2
284	2
284	2
284	2
284	2
284	2
284	2
284	2
285	1
285	1
285	1
285	1
285	1
285	1
285	1
285	1
285	1
285	1
286	3
286	3
286	3
286	3
286	3
286	3
286	3
286	3
286	3
286	3
287	1
287	1
287	1
287	1
287	1
287	1
287	1
287	1
287	1
287	1
288	1
288	1
288	1
288	1
288	1
288	1
288	1
288	1
288	1
288	1
289	3
289	3
289	3
289	3
289	3
289	3
289	3
289	3
289	3
289	3
290	2
290	2
290	2
290	2
290	2
290	2
290	2
290	2
290	2
290	2
291	4
291	4
291	4
291	4
291	4
291	4
291	4
291	4
291	4
291	4
292	3
292	3
292	3
292	3
292	3
292	3
292	3
292	3
292	3
292	3
293	4
293	4
293	4
293	4
293	4
293	4
293	4
293	4
293	4
293	4
294	3
294	3
294	3
294	3
294	3
294	3
294	3
294	3
294	3
294	3
295	1
295	1
295	1
295	1
295	1
295	1
295	1
295	1
295	1
295	1
296	1
296	1
296	1
296	1
296	1
296	1
296	1
296	1
296	1
296	1
297	3
297	3
297	3
297	3
297	3
297	3
297	3
297	3
297	3
297	3
298	1
298	1
298	1
298	1
298	1
298	1
298	1
298	1
298	1
298	1
299	1
299	1
299	1
299	1
299	1
299	1
299	1
299	1
299	1
299	1
300	2
300	2
300	2
300	2
300	2
300	2
300	2
300	2
300	2
300	2
301	4
301	4
301	4
301	4
301	4
301	4
301	4
301	4
301	4
301	4
302	1
302	1
302	1
302	1
302	1
302	1
302	1
302	1
302	1
302	1
303	4
303	4
303	4
303	4
303	4
303	4
303	4
303	4
303	4
303	4
304	2
304	2
304	2
304	2
304	2
304	2
304	2
304	2
304	2
304	2
305	2
305	2
305	2
305	2
305	2
305	2
305	2
305	2
305	2
305	2
306	2
306	2
306	2
306	2
306	2
306	2
306	2
306	2
306	2
306	2
307	1
307	1
307	1
307	1
307	1
307	1
307	1
307	1
307	1
307	1
308	2
308	2
308	2
308	2
308	2
308	2
308	2
308	2
308	2
308	2
309	1
309	1
309	1
309	1
309	1
309	1
309	1
309	1
309	1
309	1
310	2
310	2
310	2
310	2
310	2
310	2
310	2
310	2
310	2
310	2
311	4
311	4
311	4
311	4
311	4
311	4
311	4
311	4
311	4
311	4
312	4
312	4
312	4
312	4
312	4
312	4
312	4
312	4
312	4
312	4
313	4
313	4
313	4
313	4
313	4
313	4
313	4
313	4
313	4
313	4
314	1
314	1
314	1
314	1
314	1
314	1
314	1
314	1
314	1
314	1
315	1
315	1
315	1
315	1
315	1
315	1
315	1
315	1
315	1
315	1
316	2
316	2
316	2
316	2
316	2
316	2
316	2
316	2
316	2
316	2
317	4
317	4
317	4
317	4
317	4
317	4
317	4
317	4
317	4
317	4
318	2
318	2
318	2
318	2
318	2
318	2
318	2
318	2
318	2
318	2
319	3
319	3
319	3
319	3
319	3
319	3
319	3
319	3
319	3
319	3
320	4
320	4
320	4
320	4
320	4
320	4
320	4
320	4
320	4
320	4
321	1
321	1
321	1
321	1
321	1
321	1
321	1
321	1
321	1
321	1
322	4
322	4
322	4
322	4
322	4
322	4
322	4
322	4
322	4
322	4
323	3
323	3
323	3
323	3
323	3
323	3
323	3
323	3
323	3
323	3
324	4
324	4
324	4
324	4
324	4
324	4
324	4
324	4
324	4
324	4
325	3
325	3
325	3
325	3
325	3
325	3
325	3
325	3
325	3
325	3
326	3
326	3
326	3
326	3
326	3
326	3
326	3
326	3
326	3
326	3
327	1
327	1
327	1
327	1
327	1
327	1
327	1
327	1
327	1
327	1
328	4
328	4
328	4
328	4
328	4
328	4
328	4
328	4
328	4
328	4
329	4
329	4
329	4
329	4
329	4
329	4
329	4
329	4
329	4
329	4
330	1
330	1
330	1
330	1
330	1
330	1
330	1
330	1
330	1
330	1
331	4
331	4
331	4
331	4
331	4
331	4
331	4
331	4
331	4
331	4
332	3
332	3
332	3
332	3
332	3
332	3
332	3
332	3
332	3
332	3
333	1
333	1
333	1
333	1
333	1
333	1
333	1
333	1
333	1
333	1
334	4
334	4
334	4
334	4
334	4
334	4
334	4
334	4
334	4
334	4
335	1
335	1
335	1
335	1
335	1
335	1
335	1
335	1
335	1
335	1
336	3
336	3
336	3
336	3
336	3
336	3
336	3
336	3
336	3
336	3
337	4
337	4
337	4
337	4
337	4
337	4
337	4
337	4
337	4
337	4
338	1
338	1
338	1
338	1
338	1
338	1
338	1
338	1
338	1
338	1
339	3
339	3
339	3
339	3
339	3
339	3
339	3
339	3
339	3
339	3
340	2
340	2
340	2
340	2
340	2
340	2
340	2
340	2
340	2
340	2
341	4
341	4
341	4
341	4
341	4
341	4
341	4
341	4
341	4
341	4
342	4
342	4
342	4
342	4
342	4
342	4
342	4
342	4
342	4
342	4
343	2
343	2
343	2
343	2
343	2
343	2
343	2
343	2
343	2
343	2
344	3
344	3
344	3
344	3
344	3
344	3
344	3
344	3
344	3
344	3
345	2
345	2
345	2
345	2
345	2
345	2
345	2
345	2
345	2
345	2
346	3
346	3
346	3
346	3
346	3
346	3
346	3
346	3
346	3
346	3
347	2
347	2
347	2
347	2
347	2
347	2
347	2
347	2
347	2
347	2
348	3
348	3
348	3
348	3
348	3
348	3
348	3
348	3
348	3
348	3
349	2
349	2
349	2
349	2
349	2
349	2
349	2
349	2
349	2
349	2
350	2
350	2
350	2
350	2
350	2
350	2
350	2
350	2
350	2
350	2
351	4
351	4
351	4
351	4
351	4
351	4
351	4
351	4
351	4
351	4
352	2
352	2
352	2
352	2
352	2
352	2
352	2
352	2
352	2
352	2
353	3
353	3
353	3
353	3
353	3
353	3
353	3
353	3
353	3
353	3
354	2
354	2
354	2
354	2
354	2
354	2
354	2
354	2
354	2
354	2
355	4
355	4
355	4
355	4
355	4
355	4
355	4
355	4
355	4
355	4
356	1
356	1
356	1
356	1
356	1
356	1
356	1
356	1
356	1
356	1
357	1
357	1
357	1
357	1
357	1
357	1
357	1
357	1
357	1
357	1
358	4
358	4
358	4
358	4
358	4
358	4
358	4
358	4
358	4
358	4
359	3
359	3
359	3
359	3
359	3
359	3
359	3
359	3
359	3
359	3
360	1
360	1
360	1
360	1
360	1
360	1
360	1
360	1
360	1
360	1
361	3
361	3
361	3
361	3
361	3
361	3
361	3
361	3
361	3
361	3
362	2
362	2
362	2
362	2
362	2
362	2
362	2
362	2
362	2
362	2
363	4
363	4
363	4
363	4
363	4
363	4
363	4
363	4
363	4
363	4
364	4
364	4
364	4
364	4
364	4
364	4
364	4
364	4
364	4
364	4
365	2
365	2
365	2
365	2
365	2
365	2
365	2
365	2
365	2
365	2
366	4
366	4
366	4
366	4
366	4
366	4
366	4
366	4
366	4
366	4
367	2
367	2
367	2
367	2
367	2
367	2
367	2
367	2
367	2
367	2
368	1
368	1
368	1
368	1
368	1
368	1
368	1
368	1
368	1
368	1
369	3
369	3
369	3
369	3
369	3
369	3
369	3
369	3
369	3
369	3
370	4
370	4
370	4
370	4
370	4
370	4
370	4
370	4
370	4
370	4
371	1
371	1
371	1
371	1
371	1
371	1
371	1
371	1
371	1
371	1
372	4
372	4
372	4
372	4
372	4
372	4
372	4
372	4
372	4
372	4
373	3
373	3
373	3
373	3
373	3
373	3
373	3
373	3
373	3
373	3
374	2
374	2
374	2
374	2
374	2
374	2
374	2
374	2
374	2
374	2
375	3
375	3
375	3
375	3
375	3
375	3
375	3
375	3
375	3
375	3
376	1
376	1
376	1
376	1
376	1
376	1
376	1
376	1
376	1
376	1
377	3
377	3
377	3
377	3
377	3
377	3
377	3
377	3
377	3
377	3
378	3
378	3
378	3
378	3
378	3
378	3
378	3
378	3
378	3
378	3
379	3
379	3
379	3
379	3
379	3
379	3
379	3
379	3
379	3
379	3
380	1
380	1
380	1
380	1
380	1
380	1
380	1
380	1
380	1
380	1
381	4
381	4
381	4
381	4
381	4
381	4
381	4
381	4
381	4
381	4
382	4
382	4
382	4
382	4
382	4
382	4
382	4
382	4
382	4
382	4
383	2
383	2
383	2
383	2
383	2
383	2
383	2
383	2
383	2
383	2
384	4
384	4
384	4
384	4
384	4
384	4
384	4
384	4
384	4
384	4
385	3
385	3
385	3
385	3
385	3
385	3
385	3
385	3
385	3
385	3
386	3
386	3
386	3
386	3
386	3
386	3
386	3
386	3
386	3
386	3
387	2
387	2
387	2
387	2
387	2
387	2
387	2
387	2
387	2
387	2
388	2
388	2
388	2
388	2
388	2
388	2
388	2
388	2
388	2
388	2
389	3
389	3
389	3
389	3
389	3
389	3
389	3
389	3
389	3
389	3
390	4
390	4
390	4
390	4
390	4
390	4
390	4
390	4
390	4
390	4
391	4
391	4
391	4
391	4
391	4
391	4
391	4
391	4
391	4
391	4
392	2
392	2
392	2
392	2
392	2
392	2
392	2
392	2
392	2
392	2
393	1
393	1
393	1
393	1
393	1
393	1
393	1
393	1
393	1
393	1
394	4
394	4
394	4
394	4
394	4
394	4
394	4
394	4
394	4
394	4
395	2
395	2
395	2
395	2
395	2
395	2
395	2
395	2
395	2
395	2
396	1
396	1
396	1
396	1
396	1
396	1
396	1
396	1
396	1
396	1
397	3
397	3
397	3
397	3
397	3
397	3
397	3
397	3
397	3
397	3
398	2
398	2
398	2
398	2
398	2
398	2
398	2
398	2
398	2
398	2
399	1
399	1
399	1
399	1
399	1
399	1
399	1
399	1
399	1
399	1
400	3
400	3
400	3
400	3
400	3
400	3
400	3
400	3
400	3
400	3
401	4
401	4
401	4
401	4
401	4
401	4
401	4
401	4
401	4
401	4
402	2
402	2
402	2
402	2
402	2
402	2
402	2
402	2
402	2
402	2
403	2
403	2
403	2
403	2
403	2
403	2
403	2
403	2
403	2
403	2
404	4
404	4
404	4
404	4
404	4
404	4
404	4
404	4
404	4
404	4
405	3
405	3
405	3
405	3
405	3
405	3
405	3
405	3
405	3
405	3
406	2
406	2
406	2
406	2
406	2
406	2
406	2
406	2
406	2
406	2
407	2
407	2
407	2
407	2
407	2
407	2
407	2
407	2
407	2
407	2
408	2
408	2
408	2
408	2
408	2
408	2
408	2
408	2
408	2
408	2
409	2
409	2
409	2
409	2
409	2
409	2
409	2
409	2
409	2
409	2
410	1
410	1
410	1
410	1
410	1
410	1
410	1
410	1
410	1
410	1
411	2
411	2
411	2
411	2
411	2
411	2
411	2
411	2
411	2
411	2
412	4
412	4
412	4
412	4
412	4
412	4
412	4
412	4
412	4
412	4
413	4
413	4
413	4
413	4
413	4
413	4
413	4
413	4
413	4
413	4
414	4
414	4
414	4
414	4
414	4
414	4
414	4
414	4
414	4
414	4
415	3
415	3
415	3
415	3
415	3
415	3
415	3
415	3
415	3
415	3
416	4
416	4
416	4
416	4
416	4
416	4
416	4
416	4
416	4
416	4
417	1
417	1
417	1
417	1
417	1
417	1
417	1
417	1
417	1
417	1
418	4
418	4
418	4
418	4
418	4
418	4
418	4
418	4
418	4
418	4
419	4
419	4
419	4
419	4
419	4
419	4
419	4
419	4
419	4
419	4
420	2
420	2
420	2
420	2
420	2
420	2
420	2
420	2
420	2
420	2
421	4
421	4
421	4
421	4
421	4
421	4
421	4
421	4
421	4
421	4
422	4
422	4
422	4
422	4
422	4
422	4
422	4
422	4
422	4
422	4
423	1
423	1
423	1
423	1
423	1
423	1
423	1
423	1
423	1
423	1
424	2
424	2
424	2
424	2
424	2
424	2
424	2
424	2
424	2
424	2
425	3
425	3
425	3
425	3
425	3
425	3
425	3
425	3
425	3
425	3
426	2
426	2
426	2
426	2
426	2
426	2
426	2
426	2
426	2
426	2
427	4
427	4
427	4
427	4
427	4
427	4
427	4
427	4
427	4
427	4
428	1
428	1
428	1
428	1
428	1
428	1
428	1
428	1
428	1
428	1
429	3
429	3
429	3
429	3
429	3
429	3
429	3
429	3
429	3
429	3
430	3
430	3
430	3
430	3
430	3
430	3
430	3
430	3
430	3
430	3
431	4
431	4
431	4
431	4
431	4
431	4
431	4
431	4
431	4
431	4
432	3
432	3
432	3
432	3
432	3
432	3
432	3
432	3
432	3
432	3
433	1
433	1
433	1
433	1
433	1
433	1
433	1
433	1
433	1
433	1
434	2
434	2
434	2
434	2
434	2
434	2
434	2
434	2
434	2
434	2
435	1
435	1
435	1
435	1
435	1
435	1
435	1
435	1
435	1
435	1
436	4
436	4
436	4
436	4
436	4
436	4
436	4
436	4
436	4
436	4
437	4
437	4
437	4
437	4
437	4
437	4
437	4
437	4
437	4
437	4
438	4
438	4
438	4
438	4
438	4
438	4
438	4
438	4
438	4
438	4
439	2
439	2
439	2
439	2
439	2
439	2
439	2
439	2
439	2
439	2
440	1
440	1
440	1
440	1
440	1
440	1
440	1
440	1
440	1
440	1
441	4
441	4
441	4
441	4
441	4
441	4
441	4
441	4
441	4
441	4
442	4
442	4
442	4
442	4
442	4
442	4
442	4
442	4
442	4
442	4
443	1
443	1
443	1
443	1
443	1
443	1
443	1
443	1
443	1
443	1
444	2
444	2
444	2
444	2
444	2
444	2
444	2
444	2
444	2
444	2
445	1
445	1
445	1
445	1
445	1
445	1
445	1
445	1
445	1
445	1
446	4
446	4
446	4
446	4
446	4
446	4
446	4
446	4
446	4
446	4
447	1
447	1
447	1
447	1
447	1
447	1
447	1
447	1
447	1
447	1
448	3
448	3
448	3
448	3
448	3
448	3
448	3
448	3
448	3
448	3
449	4
449	4
449	4
449	4
449	4
449	4
449	4
449	4
449	4
449	4
450	4
450	4
450	4
450	4
450	4
450	4
450	4
450	4
450	4
450	4
451	4
451	4
451	4
451	4
451	4
451	4
451	4
451	4
451	4
451	4
452	3
452	3
452	3
452	3
452	3
452	3
452	3
452	3
452	3
452	3
453	4
453	4
453	4
453	4
453	4
453	4
453	4
453	4
453	4
453	4
454	3
454	3
454	3
454	3
454	3
454	3
454	3
454	3
454	3
454	3
455	4
455	4
455	4
455	4
455	4
455	4
455	4
455	4
455	4
455	4
456	3
456	3
456	3
456	3
456	3
456	3
456	3
456	3
456	3
456	3
457	4
457	4
457	4
457	4
457	4
457	4
457	4
457	4
457	4
457	4
458	1
458	1
458	1
458	1
458	1
458	1
458	1
458	1
458	1
458	1
459	3
459	3
459	3
459	3
459	3
459	3
459	3
459	3
459	3
459	3
460	2
460	2
460	2
460	2
460	2
460	2
460	2
460	2
460	2
460	2
461	4
461	4
461	4
461	4
461	4
461	4
461	4
461	4
461	4
461	4
462	4
462	4
462	4
462	4
462	4
462	4
462	4
462	4
462	4
462	4
463	2
463	2
463	2
463	2
463	2
463	2
463	2
463	2
463	2
463	2
464	3
464	3
464	3
464	3
464	3
464	3
464	3
464	3
464	3
464	3
465	3
465	3
465	3
465	3
465	3
465	3
465	3
465	3
465	3
465	3
466	1
466	1
466	1
466	1
466	1
466	1
466	1
466	1
466	1
466	1
467	3
467	3
467	3
467	3
467	3
467	3
467	3
467	3
467	3
467	3
468	3
468	3
468	3
468	3
468	3
468	3
468	3
468	3
468	3
468	3
469	2
469	2
469	2
469	2
469	2
469	2
469	2
469	2
469	2
469	2
470	4
470	4
470	4
470	4
470	4
470	4
470	4
470	4
470	4
470	4
471	2
471	2
471	2
471	2
471	2
471	2
471	2
471	2
471	2
471	2
472	2
472	2
472	2
472	2
472	2
472	2
472	2
472	2
472	2
472	2
473	2
473	2
473	2
473	2
473	2
473	2
473	2
473	2
473	2
473	2
474	1
474	1
474	1
474	1
474	1
474	1
474	1
474	1
474	1
474	1
475	1
475	1
475	1
475	1
475	1
475	1
475	1
475	1
475	1
475	1
476	1
476	1
476	1
476	1
476	1
476	1
476	1
476	1
476	1
476	1
477	1
477	1
477	1
477	1
477	1
477	1
477	1
477	1
477	1
477	1
478	4
478	4
478	4
478	4
478	4
478	4
478	4
478	4
478	4
478	4
479	4
479	4
479	4
479	4
479	4
479	4
479	4
479	4
479	4
479	4
480	1
480	1
480	1
480	1
480	1
480	1
480	1
480	1
480	1
480	1
481	2
481	2
481	2
481	2
481	2
481	2
481	2
481	2
481	2
481	2
482	4
482	4
482	4
482	4
482	4
482	4
482	4
482	4
482	4
482	4
483	4
483	4
483	4
483	4
483	4
483	4
483	4
483	4
483	4
483	4
484	4
484	4
484	4
484	4
484	4
484	4
484	4
484	4
484	4
484	4
485	3
485	3
485	3
485	3
485	3
485	3
485	3
485	3
485	3
485	3
486	3
486	3
486	3
486	3
486	3
486	3
486	3
486	3
486	3
486	3
487	4
487	4
487	4
487	4
487	4
487	4
487	4
487	4
487	4
487	4
488	1
488	1
488	1
488	1
488	1
488	1
488	1
488	1
488	1
488	1
489	3
489	3
489	3
489	3
489	3
489	3
489	3
489	3
489	3
489	3
490	3
490	3
490	3
490	3
490	3
490	3
490	3
490	3
490	3
490	3
491	4
491	4
491	4
491	4
491	4
491	4
491	4
491	4
491	4
491	4
492	3
492	3
492	3
492	3
492	3
492	3
492	3
492	3
492	3
492	3
493	2
493	2
493	2
493	2
493	2
493	2
493	2
493	2
493	2
493	2
494	4
494	4
494	4
494	4
494	4
494	4
494	4
494	4
494	4
494	4
495	3
495	3
495	3
495	3
495	3
495	3
495	3
495	3
495	3
495	3
496	2
496	2
496	2
496	2
496	2
496	2
496	2
496	2
496	2
496	2
497	4
497	4
497	4
497	4
497	4
497	4
497	4
497	4
497	4
497	4
498	3
498	3
498	3
498	3
498	3
498	3
498	3
498	3
498	3
498	3
499	4
499	4
499	4
499	4
499	4
499	4
499	4
499	4
499	4
499	4
500	3
500	3
500	3
500	3
500	3
500	3
500	3
500	3
500	3
500	3
501	1
501	1
501	1
501	1
501	1
501	1
501	1
501	1
501	1
501	1
502	3
502	3
502	3
502	3
502	3
502	3
502	3
502	3
502	3
502	3
503	4
503	4
503	4
503	4
503	4
503	4
503	4
503	4
503	4
503	4
504	1
504	1
504	1
504	1
504	1
504	1
504	1
504	1
504	1
504	1
505	2
505	2
505	2
505	2
505	2
505	2
505	2
505	2
505	2
505	2
506	2
506	2
506	2
506	2
506	2
506	2
506	2
506	2
506	2
506	2
507	3
507	3
507	3
507	3
507	3
507	3
507	3
507	3
507	3
507	3
508	3
508	3
508	3
508	3
508	3
508	3
508	3
508	3
508	3
508	3
509	4
509	4
509	4
509	4
509	4
509	4
509	4
509	4
509	4
509	4
510	4
510	4
510	4
510	4
510	4
510	4
510	4
510	4
510	4
510	4
511	1
511	1
511	1
511	1
511	1
511	1
511	1
511	1
511	1
511	1
512	1
512	1
512	1
512	1
512	1
512	1
512	1
512	1
512	1
512	1
513	1
513	1
513	1
513	1
513	1
513	1
513	1
513	1
513	1
513	1
514	3
514	3
514	3
514	3
514	3
514	3
514	3
514	3
514	3
514	3
515	2
515	2
515	2
515	2
515	2
515	2
515	2
515	2
515	2
515	2
516	4
516	4
516	4
516	4
516	4
516	4
516	4
516	4
516	4
516	4
517	4
517	4
517	4
517	4
517	4
517	4
517	4
517	4
517	4
517	4
518	3
518	3
518	3
518	3
518	3
518	3
518	3
518	3
518	3
518	3
519	3
519	3
519	3
519	3
519	3
519	3
519	3
519	3
519	3
519	3
520	1
520	1
520	1
520	1
520	1
520	1
520	1
520	1
520	1
520	1
521	1
521	1
521	1
521	1
521	1
521	1
521	1
521	1
521	1
521	1
522	3
522	3
522	3
522	3
522	3
522	3
522	3
522	3
522	3
522	3
523	1
523	1
523	1
523	1
523	1
523	1
523	1
523	1
523	1
523	1
524	4
524	4
524	4
524	4
524	4
524	4
524	4
524	4
524	4
524	4
525	2
525	2
525	2
525	2
525	2
525	2
525	2
525	2
525	2
525	2
526	1
526	1
526	1
526	1
526	1
526	1
526	1
526	1
526	1
526	1
527	4
527	4
527	4
527	4
527	4
527	4
527	4
527	4
527	4
527	4
528	4
528	4
528	4
528	4
528	4
528	4
528	4
528	4
528	4
528	4
529	3
529	3
529	3
529	3
529	3
529	3
529	3
529	3
529	3
529	3
530	4
530	4
530	4
530	4
530	4
530	4
530	4
530	4
530	4
530	4
531	4
531	4
531	4
531	4
531	4
531	4
531	4
531	4
531	4
531	4
532	4
532	4
532	4
532	4
532	4
532	4
532	4
532	4
532	4
532	4
533	4
533	4
533	4
533	4
533	4
533	4
533	4
533	4
533	4
533	4
534	1
534	1
534	1
534	1
534	1
534	1
534	1
534	1
534	1
534	1
535	4
535	4
535	4
535	4
535	4
535	4
535	4
535	4
535	4
535	4
536	2
536	2
536	2
536	2
536	2
536	2
536	2
536	2
536	2
536	2
537	4
537	4
537	4
537	4
537	4
537	4
537	4
537	4
537	4
537	4
538	4
538	4
538	4
538	4
538	4
538	4
538	4
538	4
538	4
538	4
539	2
539	2
539	2
539	2
539	2
539	2
539	2
539	2
539	2
539	2
540	4
540	4
540	4
540	4
540	4
540	4
540	4
540	4
540	4
540	4
541	3
541	3
541	3
541	3
541	3
541	3
541	3
541	3
541	3
541	3
542	3
542	3
542	3
542	3
542	3
542	3
542	3
542	3
542	3
542	3
543	1
543	1
543	1
543	1
543	1
543	1
543	1
543	1
543	1
543	1
544	1
544	1
544	1
544	1
544	1
544	1
544	1
544	1
544	1
544	1
545	2
545	2
545	2
545	2
545	2
545	2
545	2
545	2
545	2
545	2
546	3
546	3
546	3
546	3
546	3
546	3
546	3
546	3
546	3
546	3
547	4
547	4
547	4
547	4
547	4
547	4
547	4
547	4
547	4
547	4
548	3
548	3
548	3
548	3
548	3
548	3
548	3
548	3
548	3
548	3
549	3
549	3
549	3
549	3
549	3
549	3
549	3
549	3
549	3
549	3
550	3
550	3
550	3
550	3
550	3
550	3
550	3
550	3
550	3
550	3
551	1
551	1
551	1
551	1
551	1
551	1
551	1
551	1
551	1
551	1
552	1
552	1
552	1
552	1
552	1
552	1
552	1
552	1
552	1
552	1
553	3
553	3
553	3
553	3
553	3
553	3
553	3
553	3
553	3
553	3
554	3
554	3
554	3
554	3
554	3
554	3
554	3
554	3
554	3
554	3
555	3
555	3
555	3
555	3
555	3
555	3
555	3
555	3
555	3
555	3
556	3
556	3
556	3
556	3
556	3
556	3
556	3
556	3
556	3
556	3
557	4
557	4
557	4
557	4
557	4
557	4
557	4
557	4
557	4
557	4
558	4
558	4
558	4
558	4
558	4
558	4
558	4
558	4
558	4
558	4
559	2
559	2
559	2
559	2
559	2
559	2
559	2
559	2
559	2
559	2
560	2
560	2
560	2
560	2
560	2
560	2
560	2
560	2
560	2
560	2
561	2
561	2
561	2
561	2
561	2
561	2
561	2
561	2
561	2
561	2
562	2
562	2
562	2
562	2
562	2
562	2
562	2
562	2
562	2
562	2
563	1
563	1
563	1
563	1
563	1
563	1
563	1
563	1
563	1
563	1
564	3
564	3
564	3
564	3
564	3
564	3
564	3
564	3
564	3
564	3
565	3
565	3
565	3
565	3
565	3
565	3
565	3
565	3
565	3
565	3
566	4
566	4
566	4
566	4
566	4
566	4
566	4
566	4
566	4
566	4
567	2
567	2
567	2
567	2
567	2
567	2
567	2
567	2
567	2
567	2
568	3
568	3
568	3
568	3
568	3
568	3
568	3
568	3
568	3
568	3
569	3
569	3
569	3
569	3
569	3
569	3
569	3
569	3
569	3
569	3
570	3
570	3
570	3
570	3
570	3
570	3
570	3
570	3
570	3
570	3
571	3
571	3
571	3
571	3
571	3
571	3
571	3
571	3
571	3
571	3
572	2
572	2
572	2
572	2
572	2
572	2
572	2
572	2
572	2
572	2
573	4
573	4
573	4
573	4
573	4
573	4
573	4
573	4
573	4
573	4
574	1
574	1
574	1
574	1
574	1
574	1
574	1
574	1
574	1
574	1
575	4
575	4
575	4
575	4
575	4
575	4
575	4
575	4
575	4
575	4
576	1
576	1
576	1
576	1
576	1
576	1
576	1
576	1
576	1
576	1
577	3
577	3
577	3
577	3
577	3
577	3
577	3
577	3
577	3
577	3
578	4
578	4
578	4
578	4
578	4
578	4
578	4
578	4
578	4
578	4
579	3
579	3
579	3
579	3
579	3
579	3
579	3
579	3
579	3
579	3
580	4
580	4
580	4
580	4
580	4
580	4
580	4
580	4
580	4
580	4
581	3
581	3
581	3
581	3
581	3
581	3
581	3
581	3
581	3
581	3
582	2
582	2
582	2
582	2
582	2
582	2
582	2
582	2
582	2
582	2
583	4
583	4
583	4
583	4
583	4
583	4
583	4
583	4
583	4
583	4
584	4
584	4
584	4
584	4
584	4
584	4
584	4
584	4
584	4
584	4
585	3
585	3
585	3
585	3
585	3
585	3
585	3
585	3
585	3
585	3
586	1
586	1
586	1
586	1
586	1
586	1
586	1
586	1
586	1
586	1
587	2
587	2
587	2
587	2
587	2
587	2
587	2
587	2
587	2
587	2
588	2
588	2
588	2
588	2
588	2
588	2
588	2
588	2
588	2
588	2
589	2
589	2
589	2
589	2
589	2
589	2
589	2
589	2
589	2
589	2
590	1
590	1
590	1
590	1
590	1
590	1
590	1
590	1
590	1
590	1
591	2
591	2
591	2
591	2
591	2
591	2
591	2
591	2
591	2
591	2
592	3
592	3
592	3
592	3
592	3
592	3
592	3
592	3
592	3
592	3
593	2
593	2
593	2
593	2
593	2
593	2
593	2
593	2
593	2
593	2
594	1
594	1
594	1
594	1
594	1
594	1
594	1
594	1
594	1
594	1
595	4
595	4
595	4
595	4
595	4
595	4
595	4
595	4
595	4
595	4
596	2
596	2
596	2
596	2
596	2
596	2
596	2
596	2
596	2
596	2
597	3
597	3
597	3
597	3
597	3
597	3
597	3
597	3
597	3
597	3
598	3
598	3
598	3
598	3
598	3
598	3
598	3
598	3
598	3
598	3
599	1
599	1
599	1
599	1
599	1
599	1
599	1
599	1
599	1
599	1
600	2
600	2
600	2
600	2
600	2
600	2
600	2
600	2
600	2
600	2
601	2
601	2
601	2
601	2
601	2
601	2
601	2
601	2
601	2
601	2
602	3
602	3
602	3
602	3
602	3
602	3
602	3
602	3
602	3
602	3
603	4
603	4
603	4
603	4
603	4
603	4
603	4
603	4
603	4
603	4
604	4
604	4
604	4
604	4
604	4
604	4
604	4
604	4
604	4
604	4
605	3
605	3
605	3
605	3
605	3
605	3
605	3
605	3
605	3
605	3
606	2
606	2
606	2
606	2
606	2
606	2
606	2
606	2
606	2
606	2
607	1
607	1
607	1
607	1
607	1
607	1
607	1
607	1
607	1
607	1
608	2
608	2
608	2
608	2
608	2
608	2
608	2
608	2
608	2
608	2
609	1
609	1
609	1
609	1
609	1
609	1
609	1
609	1
609	1
609	1
610	2
610	2
610	2
610	2
610	2
610	2
610	2
610	2
610	2
610	2
611	4
611	4
611	4
611	4
611	4
611	4
611	4
611	4
611	4
611	4
612	1
612	1
612	1
612	1
612	1
612	1
612	1
612	1
612	1
612	1
613	1
613	1
613	1
613	1
613	1
613	1
613	1
613	1
613	1
613	1
614	3
614	3
614	3
614	3
614	3
614	3
614	3
614	3
614	3
614	3
615	1
615	1
615	1
615	1
615	1
615	1
615	1
615	1
615	1
615	1
616	1
616	1
616	1
616	1
616	1
616	1
616	1
616	1
616	1
616	1
617	3
617	3
617	3
617	3
617	3
617	3
617	3
617	3
617	3
617	3
618	2
618	2
618	2
618	2
618	2
618	2
618	2
618	2
618	2
618	2
619	2
619	2
619	2
619	2
619	2
619	2
619	2
619	2
619	2
619	2
620	1
620	1
620	1
620	1
620	1
620	1
620	1
620	1
620	1
620	1
621	1
621	1
621	1
621	1
621	1
621	1
621	1
621	1
621	1
621	1
622	3
622	3
622	3
622	3
622	3
622	3
622	3
622	3
622	3
622	3
623	1
623	1
623	1
623	1
623	1
623	1
623	1
623	1
623	1
623	1
624	2
624	2
624	2
624	2
624	2
624	2
624	2
624	2
624	2
624	2
625	3
625	3
625	3
625	3
625	3
625	3
625	3
625	3
625	3
625	3
626	4
626	4
626	4
626	4
626	4
626	4
626	4
626	4
626	4
626	4
627	3
627	3
627	3
627	3
627	3
627	3
627	3
627	3
627	3
627	3
628	1
628	1
628	1
628	1
628	1
628	1
628	1
628	1
628	1
628	1
629	3
629	3
629	3
629	3
629	3
629	3
629	3
629	3
629	3
629	3
630	4
630	4
630	4
630	4
630	4
630	4
630	4
630	4
630	4
630	4
631	3
631	3
631	3
631	3
631	3
631	3
631	3
631	3
631	3
631	3
632	4
632	4
632	4
632	4
632	4
632	4
632	4
632	4
632	4
632	4
633	4
633	4
633	4
633	4
633	4
633	4
633	4
633	4
633	4
633	4
634	1
634	1
634	1
634	1
634	1
634	1
634	1
634	1
634	1
634	1
635	4
635	4
635	4
635	4
635	4
635	4
635	4
635	4
635	4
635	4
636	4
636	4
636	4
636	4
636	4
636	4
636	4
636	4
636	4
636	4
637	2
637	2
637	2
637	2
637	2
637	2
637	2
637	2
637	2
637	2
638	3
638	3
638	3
638	3
638	3
638	3
638	3
638	3
638	3
638	3
639	4
639	4
639	4
639	4
639	4
639	4
639	4
639	4
639	4
639	4
640	1
640	1
640	1
640	1
640	1
640	1
640	1
640	1
640	1
640	1
641	3
641	3
641	3
641	3
641	3
641	3
641	3
641	3
641	3
641	3
642	1
642	1
642	1
642	1
642	1
642	1
642	1
642	1
642	1
642	1
643	2
643	2
643	2
643	2
643	2
643	2
643	2
643	2
643	2
643	2
644	2
644	2
644	2
644	2
644	2
644	2
644	2
644	2
644	2
644	2
645	3
645	3
645	3
645	3
645	3
645	3
645	3
645	3
645	3
645	3
646	4
646	4
646	4
646	4
646	4
646	4
646	4
646	4
646	4
646	4
647	1
647	1
647	1
647	1
647	1
647	1
647	1
647	1
647	1
647	1
648	3
648	3
648	3
648	3
648	3
648	3
648	3
648	3
648	3
648	3
649	4
649	4
649	4
649	4
649	4
649	4
649	4
649	4
649	4
649	4
650	3
650	3
650	3
650	3
650	3
650	3
650	3
650	3
650	3
650	3
651	4
651	4
651	4
651	4
651	4
651	4
651	4
651	4
651	4
651	4
652	1
652	1
652	1
652	1
652	1
652	1
652	1
652	1
652	1
652	1
653	4
653	4
653	4
653	4
653	4
653	4
653	4
653	4
653	4
653	4
654	2
654	2
654	2
654	2
654	2
654	2
654	2
654	2
654	2
654	2
655	1
655	1
655	1
655	1
655	1
655	1
655	1
655	1
655	1
655	1
656	4
656	4
656	4
656	4
656	4
656	4
656	4
656	4
656	4
656	4
657	4
657	4
657	4
657	4
657	4
657	4
657	4
657	4
657	4
657	4
658	4
658	4
658	4
658	4
658	4
658	4
658	4
658	4
658	4
658	4
659	4
659	4
659	4
659	4
659	4
659	4
659	4
659	4
659	4
659	4
660	3
660	3
660	3
660	3
660	3
660	3
660	3
660	3
660	3
660	3
661	2
661	2
661	2
661	2
661	2
661	2
661	2
661	2
661	2
661	2
662	3
662	3
662	3
662	3
662	3
662	3
662	3
662	3
662	3
662	3
663	2
663	2
663	2
663	2
663	2
663	2
663	2
663	2
663	2
663	2
664	3
664	3
664	3
664	3
664	3
664	3
664	3
664	3
664	3
664	3
665	2
665	2
665	2
665	2
665	2
665	2
665	2
665	2
665	2
665	2
666	1
666	1
666	1
666	1
666	1
666	1
666	1
666	1
666	1
666	1
667	1
667	1
667	1
667	1
667	1
667	1
667	1
667	1
667	1
667	1
668	4
668	4
668	4
668	4
668	4
668	4
668	4
668	4
668	4
668	4
669	3
669	3
669	3
669	3
669	3
669	3
669	3
669	3
669	3
669	3
670	3
670	3
670	3
670	3
670	3
670	3
670	3
670	3
670	3
670	3
671	3
671	3
671	3
671	3
671	3
671	3
671	3
671	3
671	3
671	3
672	2
672	2
672	2
672	2
672	2
672	2
672	2
672	2
672	2
672	2
673	1
673	1
673	1
673	1
673	1
673	1
673	1
673	1
673	1
673	1
674	4
674	4
674	4
674	4
674	4
674	4
674	4
674	4
674	4
674	4
675	4
675	4
675	4
675	4
675	4
675	4
675	4
675	4
675	4
675	4
676	3
676	3
676	3
676	3
676	3
676	3
676	3
676	3
676	3
676	3
677	2
677	2
677	2
677	2
677	2
677	2
677	2
677	2
677	2
677	2
678	4
678	4
678	4
678	4
678	4
678	4
678	4
678	4
678	4
678	4
679	1
679	1
679	1
679	1
679	1
679	1
679	1
679	1
679	1
679	1
680	4
680	4
680	4
680	4
680	4
680	4
680	4
680	4
680	4
680	4
681	1
681	1
681	1
681	1
681	1
681	1
681	1
681	1
681	1
681	1
682	2
682	2
682	2
682	2
682	2
682	2
682	2
682	2
682	2
682	2
683	3
683	3
683	3
683	3
683	3
683	3
683	3
683	3
683	3
683	3
684	1
684	1
684	1
684	1
684	1
684	1
684	1
684	1
684	1
684	1
685	2
685	2
685	2
685	2
685	2
685	2
685	2
685	2
685	2
685	2
686	1
686	1
686	1
686	1
686	1
686	1
686	1
686	1
686	1
686	1
687	4
687	4
687	4
687	4
687	4
687	4
687	4
687	4
687	4
687	4
688	4
688	4
688	4
688	4
688	4
688	4
688	4
688	4
688	4
688	4
689	4
689	4
689	4
689	4
689	4
689	4
689	4
689	4
689	4
689	4
690	4
690	4
690	4
690	4
690	4
690	4
690	4
690	4
690	4
690	4
691	4
691	4
691	4
691	4
691	4
691	4
691	4
691	4
691	4
691	4
692	1
692	1
692	1
692	1
692	1
692	1
692	1
692	1
692	1
692	1
693	1
693	1
693	1
693	1
693	1
693	1
693	1
693	1
693	1
693	1
694	4
694	4
694	4
694	4
694	4
694	4
694	4
694	4
694	4
694	4
695	4
695	4
695	4
695	4
695	4
695	4
695	4
695	4
695	4
695	4
696	1
696	1
696	1
696	1
696	1
696	1
696	1
696	1
696	1
696	1
697	3
697	3
697	3
697	3
697	3
697	3
697	3
697	3
697	3
697	3
698	1
698	1
698	1
698	1
698	1
698	1
698	1
698	1
698	1
698	1
699	1
699	1
699	1
699	1
699	1
699	1
699	1
699	1
699	1
699	1
700	3
700	3
700	3
700	3
700	3
700	3
700	3
700	3
700	3
700	3
701	3
701	3
701	3
701	3
701	3
701	3
701	3
701	3
701	3
701	3
702	4
702	4
702	4
702	4
702	4
702	4
702	4
702	4
702	4
702	4
703	1
703	1
703	1
703	1
703	1
703	1
703	1
703	1
703	1
703	1
704	4
704	4
704	4
704	4
704	4
704	4
704	4
704	4
704	4
704	4
705	3
705	3
705	3
705	3
705	3
705	3
705	3
705	3
705	3
705	3
706	1
706	1
706	1
706	1
706	1
706	1
706	1
706	1
706	1
706	1
707	3
707	3
707	3
707	3
707	3
707	3
707	3
707	3
707	3
707	3
708	4
708	4
708	4
708	4
708	4
708	4
708	4
708	4
708	4
708	4
709	2
709	2
709	2
709	2
709	2
709	2
709	2
709	2
709	2
709	2
710	4
710	4
710	4
710	4
710	4
710	4
710	4
710	4
710	4
710	4
711	2
711	2
711	2
711	2
711	2
711	2
711	2
711	2
711	2
711	2
712	4
712	4
712	4
712	4
712	4
712	4
712	4
712	4
712	4
712	4
713	4
713	4
713	4
713	4
713	4
713	4
713	4
713	4
713	4
713	4
714	2
714	2
714	2
714	2
714	2
714	2
714	2
714	2
714	2
714	2
715	4
715	4
715	4
715	4
715	4
715	4
715	4
715	4
715	4
715	4
716	2
716	2
716	2
716	2
716	2
716	2
716	2
716	2
716	2
716	2
717	4
717	4
717	4
717	4
717	4
717	4
717	4
717	4
717	4
717	4
718	3
718	3
718	3
718	3
718	3
718	3
718	3
718	3
718	3
718	3
719	1
719	1
719	1
719	1
719	1
719	1
719	1
719	1
719	1
719	1
720	2
720	2
720	2
720	2
720	2
720	2
720	2
720	2
720	2
720	2
721	3
721	3
721	3
721	3
721	3
721	3
721	3
721	3
721	3
721	3
722	2
722	2
722	2
722	2
722	2
722	2
722	2
722	2
722	2
722	2
723	1
723	1
723	1
723	1
723	1
723	1
723	1
723	1
723	1
723	1
724	3
724	3
724	3
724	3
724	3
724	3
724	3
724	3
724	3
724	3
725	3
725	3
725	3
725	3
725	3
725	3
725	3
725	3
725	3
725	3
726	4
726	4
726	4
726	4
726	4
726	4
726	4
726	4
726	4
726	4
727	4
727	4
727	4
727	4
727	4
727	4
727	4
727	4
727	4
727	4
728	1
728	1
728	1
728	1
728	1
728	1
728	1
728	1
728	1
728	1
729	2
729	2
729	2
729	2
729	2
729	2
729	2
729	2
729	2
729	2
730	3
730	3
730	3
730	3
730	3
730	3
730	3
730	3
730	3
730	3
731	4
731	4
731	4
731	4
731	4
731	4
731	4
731	4
731	4
731	4
732	4
732	4
732	4
732	4
732	4
732	4
732	4
732	4
732	4
732	4
733	1
733	1
733	1
733	1
733	1
733	1
733	1
733	1
733	1
733	1
734	1
734	1
734	1
734	1
734	1
734	1
734	1
734	1
734	1
734	1
735	3
735	3
735	3
735	3
735	3
735	3
735	3
735	3
735	3
735	3
736	3
736	3
736	3
736	3
736	3
736	3
736	3
736	3
736	3
736	3
737	2
737	2
737	2
737	2
737	2
737	2
737	2
737	2
737	2
737	2
738	4
738	4
738	4
738	4
738	4
738	4
738	4
738	4
738	4
738	4
739	3
739	3
739	3
739	3
739	3
739	3
739	3
739	3
739	3
739	3
740	2
740	2
740	2
740	2
740	2
740	2
740	2
740	2
740	2
740	2
741	1
741	1
741	1
741	1
741	1
741	1
741	1
741	1
741	1
741	1
742	3
742	3
742	3
742	3
742	3
742	3
742	3
742	3
742	3
742	3
743	4
743	4
743	4
743	4
743	4
743	4
743	4
743	4
743	4
743	4
744	3
744	3
744	3
744	3
744	3
744	3
744	3
744	3
744	3
744	3
745	4
745	4
745	4
745	4
745	4
745	4
745	4
745	4
745	4
745	4
746	4
746	4
746	4
746	4
746	4
746	4
746	4
746	4
746	4
746	4
747	2
747	2
747	2
747	2
747	2
747	2
747	2
747	2
747	2
747	2
748	1
748	1
748	1
748	1
748	1
748	1
748	1
748	1
748	1
748	1
749	3
749	3
749	3
749	3
749	3
749	3
749	3
749	3
749	3
749	3
750	2
750	2
750	2
750	2
750	2
750	2
750	2
750	2
750	2
750	2
751	1
751	1
751	1
751	1
751	1
751	1
751	1
751	1
751	1
751	1
752	1
752	1
752	1
752	1
752	1
752	1
752	1
752	1
752	1
752	1
753	1
753	1
753	1
753	1
753	1
753	1
753	1
753	1
753	1
753	1
754	1
754	1
754	1
754	1
754	1
754	1
754	1
754	1
754	1
754	1
755	4
755	4
755	4
755	4
755	4
755	4
755	4
755	4
755	4
755	4
756	1
756	1
756	1
756	1
756	1
756	1
756	1
756	1
756	1
756	1
757	2
757	2
757	2
757	2
757	2
757	2
757	2
757	2
757	2
757	2
758	4
758	4
758	4
758	4
758	4
758	4
758	4
758	4
758	4
758	4
759	2
759	2
759	2
759	2
759	2
759	2
759	2
759	2
759	2
759	2
760	2
760	2
760	2
760	2
760	2
760	2
760	2
760	2
760	2
760	2
761	3
761	3
761	3
761	3
761	3
761	3
761	3
761	3
761	3
761	3
762	4
762	4
762	4
762	4
762	4
762	4
762	4
762	4
762	4
762	4
763	2
763	2
763	2
763	2
763	2
763	2
763	2
763	2
763	2
763	2
764	3
764	3
764	3
764	3
764	3
764	3
764	3
764	3
764	3
764	3
765	3
765	3
765	3
765	3
765	3
765	3
765	3
765	3
765	3
765	3
766	1
766	1
766	1
766	1
766	1
766	1
766	1
766	1
766	1
766	1
767	2
767	2
767	2
767	2
767	2
767	2
767	2
767	2
767	2
767	2
768	3
768	3
768	3
768	3
768	3
768	3
768	3
768	3
768	3
768	3
769	4
769	4
769	4
769	4
769	4
769	4
769	4
769	4
769	4
769	4
770	4
770	4
770	4
770	4
770	4
770	4
770	4
770	4
770	4
770	4
771	3
771	3
771	3
771	3
771	3
771	3
771	3
771	3
771	3
771	3
772	2
772	2
772	2
772	2
772	2
772	2
772	2
772	2
772	2
772	2
773	4
773	4
773	4
773	4
773	4
773	4
773	4
773	4
773	4
773	4
774	1
774	1
774	1
774	1
774	1
774	1
774	1
774	1
774	1
774	1
775	3
775	3
775	3
775	3
775	3
775	3
775	3
775	3
775	3
775	3
776	2
776	2
776	2
776	2
776	2
776	2
776	2
776	2
776	2
776	2
777	4
777	4
777	4
777	4
777	4
777	4
777	4
777	4
777	4
777	4
778	2
778	2
778	2
778	2
778	2
778	2
778	2
778	2
778	2
778	2
779	2
779	2
779	2
779	2
779	2
779	2
779	2
779	2
779	2
779	2
780	3
780	3
780	3
780	3
780	3
780	3
780	3
780	3
780	3
780	3
781	2
781	2
781	2
781	2
781	2
781	2
781	2
781	2
781	2
781	2
782	3
782	3
782	3
782	3
782	3
782	3
782	3
782	3
782	3
782	3
783	3
783	3
783	3
783	3
783	3
783	3
783	3
783	3
783	3
783	3
784	4
784	4
784	4
784	4
784	4
784	4
784	4
784	4
784	4
784	4
785	1
785	1
785	1
785	1
785	1
785	1
785	1
785	1
785	1
785	1
786	1
786	1
786	1
786	1
786	1
786	1
786	1
786	1
786	1
786	1
787	2
787	2
787	2
787	2
787	2
787	2
787	2
787	2
787	2
787	2
788	3
788	3
788	3
788	3
788	3
788	3
788	3
788	3
788	3
788	3
789	4
789	4
789	4
789	4
789	4
789	4
789	4
789	4
789	4
789	4
790	1
790	1
790	1
790	1
790	1
790	1
790	1
790	1
790	1
790	1
791	4
791	4
791	4
791	4
791	4
791	4
791	4
791	4
791	4
791	4
792	4
792	4
792	4
792	4
792	4
792	4
792	4
792	4
792	4
792	4
793	3
793	3
793	3
793	3
793	3
793	3
793	3
793	3
793	3
793	3
794	4
794	4
794	4
794	4
794	4
794	4
794	4
794	4
794	4
794	4
795	2
795	2
795	2
795	2
795	2
795	2
795	2
795	2
795	2
795	2
796	4
796	4
796	4
796	4
796	4
796	4
796	4
796	4
796	4
796	4
797	4
797	4
797	4
797	4
797	4
797	4
797	4
797	4
797	4
797	4
798	1
798	1
798	1
798	1
798	1
798	1
798	1
798	1
798	1
798	1
799	3
799	3
799	3
799	3
799	3
799	3
799	3
799	3
799	3
799	3
800	4
800	4
800	4
800	4
800	4
800	4
800	4
800	4
800	4
800	4
801	3
801	3
801	3
801	3
801	3
801	3
801	3
801	3
801	3
801	3
802	2
802	2
802	2
802	2
802	2
802	2
802	2
802	2
802	2
802	2
803	3
803	3
803	3
803	3
803	3
803	3
803	3
803	3
803	3
803	3
804	3
804	3
804	3
804	3
804	3
804	3
804	3
804	3
804	3
804	3
805	3
805	3
805	3
805	3
805	3
805	3
805	3
805	3
805	3
805	3
806	4
806	4
806	4
806	4
806	4
806	4
806	4
806	4
806	4
806	4
807	1
807	1
807	1
807	1
807	1
807	1
807	1
807	1
807	1
807	1
