1	1	4
1	2	3
1	3	4
1	4	4
1	5	4
1	6	3
1	7	1
1	8	3
1	9	4
1	10	3
2	11	3
2	12	3
2	13	4
2	14	3
2	15	3
2	1	3
2	16	3
2	17	3
2	3	3
2	9	4
3	12	2
3	3	2
3	13	2
3	17	2
3	18	2
3	19	2
3	20	2
3	21	2
3	22	1
3	16	1
4	23	1
4	24	1
4	25	1
4	26	1
4	27	1
4	28	1
4	29	2
4	30	1
4	20	1
4	31	1
5	32	3
5	33	4
5	16	4
5	3	3
5	20	3
5	34	4
5	28	4
5	25	4
5	31	3
5	35	4
6	35	3
6	1	3
6	36	4
6	37	3
6	38	3
6	13	3
6	16	3
6	20	3
6	39	4
6	25	3
7	13	2
7	40	2
7	35	1
7	41	2
7	34	2
7	42	2
7	21	2
7	9	2
7	43	2
7	11	1
8	1	1
8	40	1
8	44	1
8	3	2
8	45	1
8	23	1
8	46	1
8	47	1
8	20	1
8	5	2
9	48	1
9	49	1
9	50	1
9	35	1
9	51	2
9	52	1
9	27	1
9	34	1
9	16	3
9	9	1
10	2	3
10	16	1
10	53	1
10	54	1
10	34	1
10	51	1
10	21	1
10	12	1
10	3	2
10	9	1
11	50	1
11	25	1
11	31	1
11	5	1
11	39	1
11	54	2
11	35	1
11	19	1
11	55	1
11	3	2
12	50	1
12	2	2
12	1	2
12	10	1
12	43	1
12	4	2
12	34	2
12	8	2
12	31	2
12	26	2
13	2	4
13	14	3
13	1	4
13	25	3
13	43	4
13	9	4
13	10	4
13	5	3
13	12	4
13	13	4
14	12	2
14	35	1
14	36	2
14	56	2
14	9	2
14	57	2
14	58	3
14	44	1
14	16	1
14	6	2
15	40	4
15	55	4
15	34	4
15	36	4
15	42	4
15	16	4
15	59	4
15	43	3
15	3	3
15	28	4
16	47	1
16	56	1
16	34	1
16	60	1
16	50	1
16	61	1
16	11	2
16	25	1
16	31	1
16	62	1
17	13	4
17	40	4
17	10	4
17	39	4
17	17	4
17	21	4
17	43	4
17	45	4
17	22	3
17	58	3
18	43	2
18	3	2
18	40	2
18	26	2
18	17	2
18	18	2
18	9	2
18	61	2
18	13	2
18	54	2
19	16	1
19	12	1
19	3	1
19	53	1
19	31	1
19	9	1
19	55	1
19	13	1
19	34	1
19	14	1
20	13	1
20	11	1
20	36	2
20	47	2
20	15	2
20	23	2
20	9	2
20	55	1
20	16	1
20	61	2
21	50	3
21	43	4
21	2	3
21	47	4
21	23	4
21	40	4
21	63	3
21	16	3
21	15	3
21	34	4
22	13	4
22	11	4
22	17	4
22	9	4
22	56	3
22	22	4
22	35	2
22	23	4
22	55	3
22	21	4
23	48	1
23	1	1
23	39	1
23	3	2
23	64	1
23	13	1
23	10	1
23	55	1
23	36	1
23	20	1
24	49	2
24	53	2
24	25	3
24	62	1
24	37	2
24	13	2
24	65	1
24	23	1
24	54	2
24	47	2
25	2	3
25	50	4
25	3	4
25	22	4
25	58	3
25	44	4
25	10	4
25	34	4
25	66	4
25	9	3
26	4	4
26	31	4
26	49	4
26	53	4
26	34	4
26	47	4
26	20	4
26	58	3
26	22	4
26	16	4
27	2	4
27	3	4
27	67	3
27	13	4
27	25	4
27	52	4
27	56	3
27	23	4
27	34	4
27	9	4
28	14	1
28	3	3
28	27	3
28	20	3
28	13	3
28	19	3
28	40	3
28	43	3
28	29	2
28	51	3
29	12	4
29	3	4
29	68	4
29	31	4
29	47	4
29	56	4
29	13	4
29	35	2
29	60	4
29	34	4
30	3	1
30	31	1
30	35	1
30	27	2
30	20	2
30	5	2
30	22	1
30	41	2
30	10	1
30	59	2
31	48	3
31	1	4
31	13	3
31	15	3
31	10	3
31	9	4
31	31	4
31	35	3
31	43	3
31	20	3
32	11	2
32	25	2
32	43	2
32	15	2
32	9	2
32	27	2
32	34	2
32	69	2
32	31	2
32	35	1
33	19	1
33	58	2
33	9	1
33	25	2
33	16	2
33	3	1
33	11	2
33	41	2
33	21	1
33	34	2
34	1	2
34	16	2
34	24	2
34	3	1
34	14	1
34	53	1
34	31	2
34	13	2
34	15	1
34	35	2
35	36	4
35	70	4
35	4	4
35	25	4
35	23	4
35	53	4
35	56	3
35	26	3
35	14	4
35	20	3
36	12	4
36	16	4
36	70	4
36	25	4
36	37	3
36	71	4
36	28	4
36	39	4
36	51	4
36	47	4
37	23	4
37	31	3
37	40	4
37	16	4
37	58	3
37	28	4
37	42	4
37	29	3
37	5	4
37	35	4
38	11	4
38	31	3
38	61	3
38	19	3
38	34	3
38	3	3
38	17	4
38	16	4
38	29	3
38	22	3
39	72	4
39	5	4
39	23	3
39	8	3
39	20	3
39	9	3
39	13	4
39	41	4
39	25	4
39	22	4
40	37	3
40	10	3
40	17	3
40	23	3
40	19	3
40	41	3
40	27	3
40	29	3
40	13	3
40	73	3
41	74	3
41	75	3
41	49	3
41	1	3
41	35	3
41	16	3
41	31	3
41	34	3
41	30	3
41	72	3
42	16	2
42	11	2
42	1	1
42	35	2
42	40	1
42	43	1
42	65	1
42	58	2
42	12	1
42	10	2
43	49	4
43	48	4
43	56	4
43	47	4
43	34	4
43	31	4
43	25	4
43	9	4
43	20	4
43	43	4
44	22	3
44	35	3
44	37	3
44	43	2
44	20	3
44	9	3
44	21	3
44	34	3
44	14	3
44	66	3
45	2	1
45	31	2
45	67	1
45	3	2
45	16	2
45	53	1
45	9	1
45	20	2
45	39	1
45	10	1
46	16	1
46	1	1
46	37	1
46	2	2
46	43	1
46	23	1
46	7	1
46	40	1
46	47	1
46	9	1
47	11	2
47	49	1
47	40	2
47	34	2
47	26	2
47	31	2
47	5	1
47	17	2
47	9	2
47	55	2
48	13	3
48	31	3
48	34	3
48	35	3
48	61	3
48	41	3
48	23	3
48	47	3
48	3	3
48	14	4
49	50	3
49	76	3
49	25	3
49	2	4
49	9	4
49	3	3
49	28	3
49	16	3
49	35	3
49	73	3
50	35	2
50	43	1
50	67	1
50	50	2
50	8	2
50	37	2
50	23	2
50	31	2
50	9	2
50	27	2
51	23	4
51	24	4
51	25	4
51	40	4
51	17	4
51	2	3
51	9	4
51	39	3
51	58	3
51	54	3
52	11	3
52	4	3
52	13	3
52	39	3
52	56	3
52	40	3
52	12	3
52	47	3
52	42	3
52	20	3
53	16	1
53	61	2
53	56	1
53	35	2
53	37	2
53	47	2
53	17	1
53	50	1
53	13	2
53	29	2
54	23	2
54	34	1
54	8	2
54	16	1
54	43	1
54	35	1
54	12	1
54	3	2
54	9	1
54	28	2
55	35	3
55	12	4
55	77	4
55	78	4
55	14	4
55	4	4
55	34	4
55	43	4
55	3	3
55	36	4
56	79	1
56	12	2
56	36	2
56	22	1
56	5	2
56	9	2
56	37	2
56	41	2
56	35	1
56	45	2
57	1	1
57	43	4
57	49	4
57	80	4
57	5	4
57	37	3
57	52	3
57	8	3
57	45	3
57	47	4
58	37	3
58	22	4
58	56	3
58	13	4
58	9	4
58	20	4
58	25	4
58	36	4
58	28	4
58	66	4
59	50	2
59	10	2
59	25	1
59	8	2
59	41	2
59	26	2
59	23	2
59	51	2
59	53	2
59	11	2
60	81	3
60	39	4
60	80	4
60	12	4
60	3	3
60	34	4
60	9	4
60	53	3
60	54	4
60	50	4
61	40	4
61	43	4
61	23	4
61	62	4
61	82	4
61	13	4
61	63	4
61	35	4
61	51	3
61	19	4
62	81	1
62	39	1
62	76	1
62	34	1
62	13	2
62	2	2
62	10	1
62	7	1
62	61	1
62	42	1
63	83	1
63	40	2
63	2	2
63	37	2
63	3	2
63	55	2
63	43	1
63	19	1
63	34	1
63	84	1
64	83	3
64	39	3
64	13	3
64	47	3
64	40	3
64	2	4
64	23	3
64	35	3
64	55	3
64	29	3
65	55	4
65	1	4
65	40	4
65	34	4
65	26	3
65	41	4
65	39	4
65	3	4
65	5	4
65	36	4
66	68	3
66	25	3
66	13	4
66	2	4
66	39	4
66	56	3
66	16	3
66	23	3
66	47	4
66	9	4
67	36	3
67	55	3
67	11	3
67	8	3
67	9	3
67	13	3
67	43	3
67	62	3
67	73	3
67	22	3
68	13	2
68	36	1
68	31	2
68	26	1
68	27	1
68	39	1
68	19	1
68	55	1
68	20	1
68	41	1
69	70	3
69	85	2
69	13	3
69	23	3
69	40	3
69	17	3
69	34	3
69	35	3
69	58	3
69	5	2
70	31	3
70	20	3
70	55	3
70	17	3
70	10	3
70	28	3
70	58	3
70	22	3
70	25	3
70	66	3
71	1	3
71	13	3
71	15	3
71	54	3
71	47	3
71	55	3
71	66	3
71	34	3
71	35	3
71	51	3
72	16	4
72	37	3
72	4	4
72	40	4
72	8	4
72	35	4
72	43	4
72	9	3
72	31	3
72	55	4
73	1	2
73	37	2
73	16	1
73	13	3
73	9	2
73	53	2
73	20	1
73	3	2
73	35	1
73	40	2
74	37	2
74	25	2
74	39	2
74	31	2
74	35	2
74	86	2
74	44	2
74	29	2
74	22	2
74	20	2
75	1	4
75	52	4
75	56	4
75	23	4
75	40	4
75	34	4
75	17	4
75	5	4
75	43	4
75	15	4
76	68	4
76	37	3
76	32	4
76	15	4
76	3	4
76	22	4
76	17	4
76	13	4
76	16	4
76	44	4
77	11	3
77	50	3
77	34	4
77	52	4
77	47	4
77	16	4
77	23	4
77	13	4
77	63	4
77	28	4
78	1	4
78	16	4
78	20	3
78	21	4
78	10	4
78	30	3
78	43	4
78	9	4
78	29	3
78	22	4
79	11	3
79	70	3
79	56	3
79	23	3
79	28	3
79	22	4
79	44	3
79	20	3
79	60	3
79	16	3
80	16	1
80	2	2
80	20	2
80	18	1
80	87	1
80	5	1
80	9	2
80	25	1
80	53	1
80	58	2
81	12	2
81	85	1
81	67	1
81	31	1
81	1	2
81	77	1
81	39	2
81	41	2
81	37	2
81	15	2
82	40	3
82	61	3
82	3	3
82	9	3
82	20	3
82	22	3
82	35	4
82	69	3
82	29	3
82	88	3
83	77	2
83	89	1
83	2	2
83	16	1
83	26	1
83	13	2
83	10	1
83	11	1
83	20	1
83	21	1
84	1	1
84	22	1
84	40	1
84	56	2
84	14	1
84	16	1
84	17	1
84	35	1
84	20	1
84	25	1
85	11	2
85	27	2
85	20	2
85	31	2
85	13	2
85	9	2
85	43	2
85	61	2
85	73	2
85	3	2
86	63	1
86	58	2
86	12	1
86	34	1
86	27	1
86	20	1
86	73	1
86	25	1
86	16	1
86	26	2
87	14	2
87	43	2
87	1	2
87	39	2
87	31	2
87	8	2
87	28	2
87	69	2
87	16	1
87	34	2
88	16	1
88	1	2
88	10	1
88	19	2
88	37	2
88	9	2
88	51	2
88	55	2
88	21	2
88	42	2
89	48	1
89	16	1
89	35	1
89	31	1
89	58	1
89	61	1
89	13	1
89	22	2
89	59	1
89	34	1
90	50	2
90	48	2
90	90	1
90	49	1
90	13	1
90	4	1
90	77	1
90	36	1
90	1	1
90	3	1
91	81	2
91	56	2
91	22	1
91	3	2
91	5	2
91	31	2
91	30	2
91	35	2
91	29	3
91	20	2
92	14	1
92	35	2
92	9	1
92	34	2
92	5	2
92	23	1
92	58	2
92	13	2
92	47	1
92	43	2
93	61	4
93	12	3
93	77	4
93	56	3
93	47	4
93	39	3
93	10	4
93	53	4
93	34	4
93	20	4
94	77	4
94	13	4
94	15	3
94	23	4
94	57	4
94	35	4
94	51	4
94	31	4
94	45	3
94	10	4
95	1	1
95	10	2
95	67	2
95	13	2
95	3	2
95	22	2
95	9	1
95	44	2
95	2	2
95	20	1
96	48	3
96	83	4
96	3	3
96	49	3
96	35	4
96	10	4
96	25	4
96	15	3
96	5	3
96	19	3
97	37	1
97	1	2
97	15	2
97	10	1
97	90	2
97	39	2
97	43	2
97	62	1
97	31	1
97	17	2
98	12	3
98	68	3
98	79	3
98	35	3
98	15	3
98	3	3
98	44	3
98	8	3
98	55	3
98	58	3
99	13	1
99	35	1
99	37	1
99	3	2
99	36	1
99	22	2
99	57	2
99	21	1
99	73	1
99	20	1
100	1	1
100	49	1
100	4	1
100	10	1
100	56	2
100	13	2
100	61	1
100	3	2
100	26	2
100	34	1
101	75	1
101	55	3
101	36	3
101	35	3
101	27	3
101	3	3
101	17	3
101	23	3
101	47	3
101	34	3
102	1	2
102	31	2
102	15	2
102	50	2
102	9	2
102	60	2
102	27	2
102	34	2
102	28	1
102	73	1
103	49	2
103	31	4
103	40	2
103	13	2
103	61	2
103	62	2
103	16	1
103	21	2
103	25	2
103	55	2
104	10	4
104	22	3
104	14	3
104	56	3
104	25	3
104	6	3
104	20	3
104	66	3
104	72	4
104	42	4
105	11	1
105	34	2
105	56	2
105	22	2
105	53	2
105	20	2
105	29	2
105	58	2
105	31	2
105	9	2
106	61	4
106	56	3
106	55	4
106	1	4
106	43	4
106	37	3
106	54	4
106	9	4
106	3	3
106	42	4
107	11	4
107	5	3
107	53	4
107	3	3
107	34	4
107	40	3
107	22	3
107	41	4
107	20	3
107	36	3
108	13	4
108	12	1
108	40	1
108	53	1
108	17	2
108	20	2
108	9	1
108	36	1
108	42	1
108	25	1
109	78	4
109	40	2
109	34	2
109	2	2
109	3	1
109	47	2
109	44	1
109	15	2
109	35	1
109	21	2
110	1	4
110	56	3
110	55	3
110	35	3
110	22	3
110	61	3
110	45	4
110	21	3
110	9	3
110	3	3
111	13	4
111	35	3
111	3	3
111	76	4
111	27	4
111	10	4
111	41	3
111	15	4
111	60	4
111	22	4
112	50	1
112	11	1
112	36	1
112	17	1
112	13	1
112	41	2
112	5	1
112	21	1
112	9	1
112	20	1
113	23	4
113	1	4
113	2	4
113	12	4
113	37	3
113	52	4
113	3	4
113	20	4
113	73	4
113	54	4
114	13	4
114	12	3
114	22	3
114	6	3
114	23	3
114	47	3
114	36	3
114	25	3
114	14	3
114	20	3
115	1	3
115	3	3
115	13	3
115	41	3
115	54	3
115	12	3
115	51	3
115	9	4
115	53	3
115	20	3
116	1	4
116	35	3
116	12	4
116	40	4
116	13	4
116	14	3
116	61	1
116	23	4
116	47	4
116	17	4
117	49	3
117	12	4
117	13	3
117	47	4
117	63	3
117	40	3
117	9	3
117	6	4
117	28	4
117	17	4
118	23	4
118	16	3
118	34	4
118	1	4
118	20	4
118	53	4
118	8	4
118	25	4
118	28	4
118	29	3
119	37	1
119	31	1
119	32	2
119	67	1
119	39	1
119	34	1
119	16	1
119	35	1
119	9	1
119	12	1
120	25	3
120	31	1
120	45	1
120	29	1
120	35	1
120	10	1
120	9	1
120	28	1
120	63	1
120	47	1
121	72	1
121	36	1
121	40	1
121	14	2
121	34	1
121	37	1
121	10	1
121	47	1
121	13	2
121	42	1
122	75	1
122	22	3
122	5	3
122	43	3
122	25	3
122	28	3
122	20	3
122	41	3
122	72	3
122	47	3
123	2	4
123	16	3
123	26	3
123	52	3
123	50	3
123	37	3
123	35	3
123	3	3
123	31	3
123	21	3
124	23	4
124	25	3
124	1	3
124	19	3
124	36	4
124	35	3
124	40	4
124	56	3
124	9	4
124	21	4
125	81	1
125	1	1
125	15	1
125	22	3
125	16	1
125	39	1
125	50	1
125	30	1
125	28	2
125	47	1
126	11	3
126	16	3
126	1	4
126	39	4
126	19	3
126	47	4
126	9	4
126	55	3
126	66	3
126	22	3
127	31	4
127	91	4
127	35	4
127	3	3
127	20	3
127	16	4
127	58	3
127	40	4
127	8	4
127	25	4
128	2	4
128	1	4
128	13	4
128	44	4
128	35	4
128	12	4
128	20	4
128	28	4
128	47	4
128	3	4
129	31	3
129	16	3
129	12	3
129	13	3
129	35	3
129	34	3
129	9	3
129	47	3
129	23	3
129	8	3
130	39	1
130	17	1
130	13	1
130	31	1
130	16	1
130	9	2
130	42	1
130	36	1
130	55	2
130	22	1
131	90	1
131	72	1
131	49	1
131	5	3
131	57	1
131	31	1
131	58	1
131	34	1
131	59	1
131	28	1
132	22	2
132	57	2
132	52	2
132	62	1
132	17	2
132	8	2
132	55	2
132	36	2
132	35	2
132	28	1
133	83	2
133	16	2
133	61	2
133	76	2
133	3	2
133	35	2
133	31	2
133	43	2
133	12	2
133	63	2
134	92	4
134	16	4
134	25	4
134	5	4
134	58	3
134	21	4
134	9	4
134	47	4
134	13	4
134	61	3
135	12	3
135	35	3
135	3	4
135	25	3
135	53	4
135	2	3
135	5	3
135	31	3
135	34	3
135	58	3
136	13	1
136	40	2
136	5	1
136	37	2
136	9	2
136	63	2
136	21	2
136	25	1
136	11	1
136	3	2
137	37	3
137	2	4
137	35	4
137	50	4
137	27	4
137	10	4
137	34	4
137	21	4
137	23	4
137	44	4
138	11	3
138	14	3
138	37	3
138	40	3
138	19	3
138	35	1
138	29	1
138	34	3
138	3	3
138	55	3
139	35	4
139	15	3
139	3	4
139	16	4
139	42	4
139	73	4
139	28	4
139	58	3
139	55	4
139	66	4
140	11	1
140	37	2
140	13	2
140	8	1
140	28	2
140	10	2
140	41	1
140	53	2
140	31	2
140	34	2
141	24	4
141	80	4
141	37	3
141	31	4
141	44	4
141	35	4
141	54	4
141	9	3
141	20	3
141	3	3
142	1	3
142	10	3
142	52	3
142	37	3
142	16	3
142	86	3
142	22	3
142	9	3
142	21	3
142	20	3
143	77	1
143	50	1
143	56	1
143	3	1
143	90	2
143	17	1
143	44	1
143	13	1
143	31	1
143	34	1
144	16	1
144	90	2
144	37	2
144	36	2
144	34	2
144	19	2
144	17	2
144	23	2
144	3	2
144	13	2
145	2	1
145	32	1
145	22	1
145	9	1
145	17	1
145	39	1
145	13	1
145	31	1
145	16	1
145	29	1
146	2	2
146	37	2
146	40	2
146	15	2
146	76	2
146	9	2
146	3	2
146	21	2
146	5	2
146	22	2
147	1	4
147	37	3
147	3	4
147	40	4
147	2	4
147	77	4
147	76	4
147	47	4
147	61	3
147	5	4
148	1	3
148	40	4
148	3	3
148	51	3
148	43	4
148	20	3
148	9	3
148	35	4
148	29	3
148	22	3
149	40	4
149	55	3
149	35	4
149	34	4
149	23	4
149	43	3
149	20	3
149	53	3
149	12	4
149	51	4
150	49	4
150	16	3
150	34	4
150	13	4
150	19	4
150	41	4
150	9	4
150	35	4
150	51	4
150	63	4
151	11	4
151	36	4
151	68	4
151	25	4
151	31	4
151	15	4
151	13	4
151	3	3
151	34	4
151	88	4
152	35	2
152	56	1
152	27	2
152	25	1
152	53	2
152	37	2
152	6	2
152	43	2
152	9	2
152	3	2
153	10	3
153	11	3
153	40	3
153	41	3
153	34	4
153	27	3
153	15	3
153	21	3
153	63	4
153	51	4
154	90	1
154	56	2
154	61	1
154	53	1
154	22	2
154	21	1
154	43	1
154	34	1
154	55	1
154	20	1
155	1	4
155	4	4
155	40	4
155	10	4
155	22	3
155	23	4
155	2	4
155	15	3
155	61	3
155	3	3
156	56	3
156	31	3
156	25	4
156	1	3
156	39	3
156	3	3
156	22	3
156	8	3
156	35	4
156	21	3
157	90	2
157	13	2
157	63	2
157	9	2
157	22	2
157	35	2
157	61	2
157	65	2
157	60	2
157	50	2
158	80	3
158	35	3
158	34	4
158	31	4
158	13	4
158	47	4
158	3	3
158	20	3
158	25	3
158	73	3
159	65	1
159	25	1
159	19	1
159	22	1
159	23	1
159	20	2
159	42	2
159	16	1
159	9	2
159	31	1
160	16	1
160	49	1
160	13	2
160	8	1
160	41	2
160	31	1
160	21	2
160	66	1
160	58	2
160	42	1
161	16	3
161	3	3
161	43	4
161	13	3
161	9	3
161	21	3
161	10	3
161	54	3
161	35	3
161	42	3
162	16	1
162	48	1
162	1	1
162	85	1
162	27	1
162	42	2
162	31	1
162	29	2
162	9	1
162	58	2
163	37	3
163	77	4
163	40	4
163	22	3
163	35	4
163	15	3
163	41	3
163	9	4
163	54	4
163	21	3
164	89	4
164	56	3
164	1	4
164	31	3
164	58	3
164	14	4
164	20	4
164	29	3
164	30	3
164	41	4
165	47	1
165	12	1
165	3	2
165	13	2
165	43	1
165	16	1
165	55	1
165	22	1
165	35	1
165	31	2
166	25	3
166	15	3
166	13	4
166	53	4
166	39	4
166	21	4
166	41	3
166	9	3
166	28	4
166	62	4
167	49	1
167	13	1
167	39	1
167	12	1
167	35	1
167	25	1
167	3	1
167	19	1
167	37	1
167	20	1
168	2	1
168	13	2
168	76	2
168	61	1
168	3	1
168	53	1
168	44	1
168	7	1
168	9	1
168	29	2
169	16	2
169	13	2
169	35	2
169	2	1
169	39	1
169	7	2
169	45	1
169	62	2
169	20	2
169	21	2
170	36	2
170	24	2
170	3	3
170	16	2
170	34	2
170	50	2
170	13	2
170	54	2
170	20	2
170	93	1
171	2	3
171	35	3
171	15	3
171	41	3
171	37	3
171	57	3
171	16	3
171	55	4
171	61	3
171	9	3
172	13	4
172	35	4
172	14	3
172	76	4
172	56	3
172	39	3
172	8	3
172	37	3
172	22	3
172	31	3
173	35	2
173	3	2
173	19	2
173	8	2
173	40	2
173	20	2
173	43	2
173	29	1
173	55	2
173	73	2
174	1	4
174	61	4
174	35	4
174	22	4
174	60	4
174	6	4
174	10	4
174	13	4
174	21	4
174	3	3
175	16	1
175	35	1
175	47	2
175	2	2
175	43	2
175	40	2
175	21	3
175	30	2
175	13	1
175	3	2
176	32	2
176	4	2
176	35	2
176	33	1
176	31	2
176	3	2
176	58	2
176	29	2
176	22	2
176	25	1
177	37	1
177	36	1
177	5	1
177	65	1
177	23	1
177	31	1
177	29	2
177	12	1
177	73	1
177	21	1
178	10	4
178	16	4
178	37	3
178	28	4
178	12	4
178	18	4
178	23	4
178	35	4
178	11	4
178	94	4
179	48	3
179	1	3
179	65	3
179	31	3
179	20	3
179	54	3
179	23	3
179	9	4
179	42	3
179	34	3
180	48	3
180	35	3
180	56	4
180	3	4
180	4	4
180	13	4
180	26	3
180	60	4
180	23	4
180	19	4
181	10	4
181	81	3
181	8	3
181	80	4
181	16	4
181	15	4
181	23	3
181	31	3
181	9	4
181	53	4
182	72	1
182	43	3
182	13	4
182	35	1
182	5	1
182	53	1
182	17	4
182	10	4
182	47	4
182	6	4
183	75	4
183	37	3
183	1	4
183	31	3
183	33	4
183	95	4
183	34	4
183	29	3
183	55	4
183	25	4
184	12	4
184	74	4
184	36	4
184	35	4
184	90	4
184	13	4
184	17	4
184	53	4
184	40	4
184	62	4
185	1	4
185	55	4
185	43	4
185	12	4
185	31	4
185	60	4
185	21	4
185	25	4
185	20	3
185	35	4
186	77	3
186	4	4
186	37	3
186	14	3
186	40	4
186	61	3
186	58	3
186	29	3
186	10	4
186	28	4
187	14	4
187	16	4
187	56	3
187	96	4
187	67	3
187	77	4
187	5	3
187	40	4
187	13	4
187	8	4
188	2	2
188	15	1
188	40	1
188	41	1
188	60	1
188	16	1
188	28	1
188	9	1
188	31	1
188	3	2
189	14	1
189	6	1
189	16	1
189	31	1
189	34	1
189	39	1
189	8	2
189	41	1
189	3	1
189	7	1
190	68	3
190	25	3
190	37	3
190	55	3
190	61	3
190	40	3
190	3	3
190	56	3
190	43	3
190	9	3
191	39	2
191	22	1
191	17	1
191	57	1
191	9	2
191	3	2
191	13	1
191	16	1
191	11	1
191	10	1
192	37	3
192	55	4
192	16	4
192	41	4
192	26	3
192	12	4
192	13	4
192	3	4
192	21	4
192	20	4
193	19	4
193	23	4
193	3	4
193	41	4
193	27	3
193	16	3
193	60	4
193	13	4
193	9	3
193	30	4
194	4	1
194	76	1
194	12	1
194	23	1
194	56	2
194	31	2
194	40	1
194	17	1
194	60	1
194	20	1
195	36	4
195	55	4
195	43	4
195	35	4
195	54	4
195	42	4
195	30	3
195	47	4
195	94	4
195	58	3
196	36	4
196	34	4
196	23	4
196	16	3
196	60	4
196	53	4
196	17	4
196	21	3
196	12	4
196	42	4
197	90	4
197	11	4
197	1	3
197	32	4
197	56	4
197	17	4
197	23	4
197	9	4
197	91	4
197	37	3
198	37	3
198	25	3
198	43	3
198	20	3
198	28	4
198	94	3
198	30	3
198	54	3
198	13	3
198	53	3
199	37	3
199	25	4
199	55	3
199	9	3
199	19	3
199	54	4
199	16	4
199	58	3
199	35	4
199	41	4
200	25	3
200	52	4
200	34	4
200	31	4
200	20	4
200	43	4
200	35	4
200	16	4
200	5	4
200	22	4
201	37	3
201	31	3
201	20	4
201	8	3
201	28	3
201	12	3
201	42	3
201	14	3
201	43	4
201	3	3
202	1	3
202	31	3
202	12	4
202	10	4
202	22	4
202	43	4
202	23	3
202	39	3
202	51	4
202	34	4
203	11	3
203	37	3
203	49	4
203	70	4
203	16	1
203	19	3
203	9	4
203	6	4
203	3	3
203	10	4
204	31	1
204	43	2
204	16	1
204	41	2
204	40	2
204	13	2
204	5	2
204	35	2
204	59	2
204	54	2
205	14	1
205	12	1
205	49	2
205	19	1
205	9	1
205	43	1
205	53	1
205	35	2
205	66	2
205	34	1
206	90	4
206	39	4
206	53	4
206	19	4
206	5	4
206	13	4
206	3	4
206	9	4
206	34	4
206	61	4
207	4	2
207	39	2
207	10	1
207	40	2
207	37	2
207	9	2
207	23	2
207	13	2
207	60	2
207	58	2
208	8	2
208	3	2
208	1	2
208	34	2
208	65	2
208	53	2
208	44	1
208	47	2
208	9	2
208	28	2
209	35	3
209	1	3
209	61	4
209	43	3
209	20	3
209	36	3
209	31	3
209	41	3
209	10	3
209	3	3
210	48	3
210	2	4
210	31	3
210	3	3
210	35	4
210	13	4
210	54	4
210	47	4
210	94	4
210	66	4
211	3	1
211	89	1
211	40	1
211	13	1
211	1	1
211	19	1
211	57	1
211	44	1
211	37	1
211	54	1
212	78	4
212	43	2
212	3	2
212	47	2
212	16	1
212	23	2
212	13	2
212	35	1
212	31	2
212	58	1
213	35	1
213	34	2
213	17	1
213	1	2
213	40	2
213	31	1
213	15	2
213	23	2
213	14	1
213	16	1
214	39	1
214	16	1
214	20	2
214	17	1
214	21	2
214	29	2
214	34	2
214	27	2
214	47	2
214	28	1
215	61	2
215	51	1
215	43	2
215	13	2
215	12	1
215	37	1
215	7	1
215	18	2
215	31	1
215	23	1
216	16	1
216	70	1
216	49	2
216	8	1
216	31	2
216	15	1
216	1	1
216	13	1
216	3	1
216	26	1
217	37	2
217	77	2
217	8	2
217	17	1
217	2	2
217	60	2
217	41	2
217	27	2
217	9	2
217	63	2
218	2	3
218	3	3
218	14	3
218	62	3
218	17	3
218	69	3
218	31	4
218	6	3
218	55	4
218	40	3
219	56	1
219	16	1
219	9	2
219	44	1
219	13	1
219	31	1
219	12	2
219	61	1
219	40	2
219	21	2
220	23	1
220	1	1
220	76	1
220	61	1
220	44	1
220	5	1
220	57	1
220	3	1
220	47	1
220	21	1
221	10	4
221	70	4
221	68	4
221	35	4
221	20	4
221	3	4
221	47	4
221	41	3
221	19	4
221	8	4
222	1	3
222	13	3
222	20	3
222	54	3
222	10	3
222	9	3
222	16	3
222	72	4
222	41	3
222	34	3
223	3	3
223	2	3
223	1	3
223	6	3
223	31	3
223	9	3
223	20	3
223	35	3
223	29	3
223	45	3
224	13	2
224	37	1
224	10	1
224	65	2
224	36	1
224	15	1
224	17	1
224	20	2
224	34	1
224	28	1
225	16	1
225	49	1
225	12	1
225	37	1
225	23	1
225	5	1
225	14	2
225	31	1
225	9	1
225	34	1
226	50	3
226	16	3
226	40	3
226	8	3
226	31	4
226	15	3
226	21	4
226	3	3
226	9	3
226	62	4
227	24	4
227	25	3
227	16	4
227	35	4
227	43	4
227	5	3
227	3	4
227	61	3
227	20	3
227	55	4
228	37	3
228	25	3
228	22	4
228	23	4
228	40	4
228	13	4
228	55	4
228	28	4
228	7	4
228	19	3
229	1	1
229	43	1
229	55	1
229	13	1
229	37	1
229	23	1
229	34	1
229	40	1
229	9	1
229	51	1
230	16	1
230	10	1
230	31	1
230	60	2
230	43	1
230	9	1
230	97	1
230	21	1
230	42	2
230	35	1
231	68	1
231	4	1
231	43	1
231	17	1
231	2	2
231	37	2
231	19	1
231	35	2
231	6	1
231	16	1
232	1	4
232	49	3
232	40	4
232	13	4
232	51	4
232	47	4
232	31	4
232	29	3
232	63	4
232	72	4
233	37	1
233	35	2
233	77	2
233	50	2
233	43	2
233	10	1
233	13	2
233	20	2
233	28	2
233	61	2
234	74	2
234	56	1
234	63	1
234	16	1
234	2	2
234	3	2
234	9	2
234	55	2
234	43	2
234	20	2
235	12	3
235	2	4
235	50	3
235	26	3
235	10	4
235	95	4
235	13	4
235	3	3
235	9	3
235	16	4
236	24	1
236	39	1
236	12	1
236	43	1
236	35	2
236	27	1
236	63	1
236	21	1
236	55	1
236	25	1
237	2	2
237	43	1
237	33	2
237	41	1
237	5	2
237	44	1
237	20	1
237	60	2
237	13	2
237	35	2
238	90	3
238	85	3
238	37	3
238	31	3
238	22	3
238	3	3
238	40	4
238	60	4
238	6	4
238	35	4
239	37	2
239	35	2
239	15	2
239	95	2
239	44	1
239	9	2
239	27	2
239	3	2
239	28	1
239	58	1
240	49	3
240	2	3
240	1	3
240	19	3
240	16	3
240	23	4
240	13	4
240	54	3
240	43	3
240	20	3
241	13	2
241	12	1
241	2	1
241	41	1
241	5	1
241	29	1
241	25	1
241	22	1
241	58	1
241	3	1
242	34	3
242	1	3
242	43	4
242	40	3
242	37	3
242	8	3
242	3	3
242	31	3
242	13	3
242	35	3
243	23	2
243	85	2
243	14	2
243	6	2
243	43	2
243	52	1
243	15	2
243	9	2
243	13	2
243	5	2
244	12	2
244	8	2
244	56	2
244	62	2
244	17	2
244	53	2
244	31	1
244	69	1
244	86	2
244	47	2
245	4	4
245	43	4
245	76	4
245	6	3
245	35	4
245	41	4
245	39	4
245	44	4
245	23	4
245	47	4
246	23	4
246	3	4
246	9	4
246	16	4
246	13	4
246	34	4
246	29	3
246	20	4
246	8	3
246	72	4
247	23	4
247	11	3
247	35	3
247	8	3
247	5	4
247	31	4
247	43	3
247	58	3
247	20	3
247	55	4
248	35	4
248	31	3
248	43	4
248	40	4
248	13	4
248	7	4
248	47	4
248	29	3
248	19	4
248	94	4
249	14	2
249	13	1
249	40	2
249	61	2
249	17	1
249	41	2
249	55	2
249	3	2
249	15	2
249	16	1
250	83	4
250	1	4
250	90	4
250	3	4
250	43	4
250	35	4
250	39	4
250	40	4
250	29	3
250	73	4
251	3	1
251	4	2
251	40	1
251	13	2
251	7	1
251	34	2
251	9	2
251	60	2
251	16	1
251	43	2
252	23	3
252	16	3
252	2	4
252	7	4
252	39	4
252	3	3
252	42	3
252	22	4
252	54	3
252	41	4
253	75	3
253	48	3
253	77	3
253	13	4
253	22	4
253	55	4
253	7	3
253	71	3
253	65	4
253	41	3
254	24	4
254	36	4
254	40	4
254	47	4
254	31	3
254	71	4
254	10	4
254	34	4
254	45	4
254	6	4
255	13	3
255	23	4
255	5	3
255	41	3
255	10	3
255	21	3
255	53	4
255	36	3
255	9	4
255	20	3
256	35	1
256	1	2
256	31	1
256	20	2
256	13	1
256	44	1
256	14	2
256	8	1
256	22	2
256	53	1
257	2	2
257	35	1
257	48	2
257	90	1
257	37	2
257	1	1
257	31	1
257	52	1
257	60	1
257	5	2
258	32	3
258	19	4
258	23	3
258	51	4
258	55	4
258	20	3
258	34	4
258	35	4
258	47	4
258	25	3
259	13	3
259	56	3
259	1	3
259	34	3
259	7	3
259	62	3
259	58	3
259	9	3
259	37	3
259	98	3
260	81	3
260	12	3
260	31	3
260	50	3
260	37	3
260	9	3
260	22	3
260	16	3
260	5	2
260	13	3
261	11	2
261	4	2
261	90	2
261	76	1
261	52	2
261	25	1
261	13	2
261	40	1
261	41	2
261	21	1
262	13	3
262	22	3
262	89	3
262	5	3
262	47	3
262	31	3
262	40	3
262	43	3
262	62	3
262	16	3
263	81	2
263	1	2
263	16	1
263	37	2
263	40	2
263	43	2
263	20	2
263	13	2
263	62	2
263	41	2
264	99	3
264	40	2
264	67	2
264	19	1
264	90	2
264	52	2
264	39	2
264	21	2
264	53	2
264	28	1
265	11	4
265	70	4
265	51	4
265	35	4
265	12	4
265	37	3
265	47	4
265	40	4
265	43	4
265	31	4
266	61	1
266	37	2
266	35	2
266	55	1
266	15	2
266	20	2
266	43	1
266	22	1
266	9	2
266	29	2
267	48	4
267	37	3
267	39	4
267	10	4
267	43	4
267	35	4
267	13	4
267	31	4
267	100	4
267	42	4
268	37	3
268	1	4
268	40	3
268	10	3
268	23	3
268	9	3
268	27	3
268	5	3
268	21	3
268	55	4
269	75	1
269	36	1
269	53	1
269	1	1
269	15	1
269	57	1
269	22	1
269	13	1
269	3	1
269	16	1
270	1	3
270	11	3
270	81	4
270	85	3
270	39	3
270	40	3
270	35	3
270	20	3
270	69	3
270	16	3
271	11	4
271	16	4
271	70	4
271	17	4
271	41	3
271	54	4
271	47	4
271	9	4
271	43	4
271	20	4
272	16	4
272	48	3
272	39	1
272	1	1
272	34	4
272	58	3
272	88	3
272	28	4
272	42	4
272	29	3
273	61	1
273	43	4
273	22	4
273	3	3
273	52	3
273	7	1
273	40	4
273	54	4
273	5	4
273	36	4
274	16	3
274	13	3
274	61	3
274	17	3
274	40	3
274	20	3
274	23	3
274	22	3
274	42	3
274	28	3
275	1	2
275	49	3
275	43	3
275	31	3
275	32	3
275	35	3
275	16	1
275	69	2
275	3	2
275	34	2
276	24	4
276	1	3
276	22	3
276	9	4
276	31	4
276	5	4
276	37	3
276	23	4
276	20	3
276	50	3
277	12	4
277	34	4
277	16	3
277	53	4
277	15	3
277	40	4
277	23	3
277	31	4
277	45	3
277	41	3
278	49	3
278	8	3
278	37	3
278	43	3
278	9	3
278	20	4
278	34	3
278	25	3
278	16	3
278	51	4
279	56	2
279	53	2
279	17	2
279	13	2
279	43	2
279	9	2
279	50	2
279	34	2
279	20	2
279	28	1
280	48	4
280	13	4
280	10	4
280	31	4
280	50	4
280	63	4
280	5	3
280	9	4
280	62	4
280	20	4
281	23	1
281	34	1
281	26	1
281	17	1
281	15	1
281	16	1
281	52	1
281	3	1
281	51	1
281	20	2
282	16	2
282	37	2
282	3	2
282	65	2
282	34	2
282	13	2
282	6	2
282	9	4
282	60	2
282	22	2
283	90	1
283	13	1
283	2	2
283	55	1
283	1	1
283	76	1
283	31	1
283	17	2
283	21	2
283	41	1
284	39	2
284	67	1
284	25	1
284	47	1
284	52	2
284	56	1
284	60	1
284	51	1
284	42	1
284	31	1
285	85	2
285	70	2
285	25	1
285	1	1
285	50	1
285	16	2
285	27	1
285	56	2
285	63	2
285	57	1
286	37	3
286	35	4
286	31	3
286	39	3
286	4	4
286	40	4
286	6	3
286	55	3
286	58	3
286	21	4
287	11	1
287	1	1
287	90	1
287	3	2
287	9	1
287	43	1
287	58	1
287	22	1
287	29	2
287	20	1
288	2	2
288	40	1
288	34	2
288	29	2
288	58	2
288	22	1
288	31	2
288	43	2
288	9	2
288	28	1
289	3	3
289	1	3
289	17	3
289	76	3
289	15	3
289	2	3
289	37	3
289	12	3
289	62	3
289	40	3
290	1	2
290	12	2
290	22	1
290	16	1
290	21	2
290	7	2
290	3	1
290	29	2
290	45	2
290	13	2
291	16	4
291	34	4
291	17	4
291	39	4
291	61	4
291	20	4
291	6	4
291	88	4
291	5	4
291	84	4
292	1	4
292	13	4
292	35	3
292	10	3
292	99	4
292	52	3
292	19	3
292	21	3
292	28	4
292	73	3
293	36	4
293	3	4
293	25	4
293	4	3
293	41	4
293	20	4
293	50	3
293	16	4
293	28	4
293	30	4
294	49	3
294	14	3
294	52	3
294	15	3
294	16	4
294	9	3
294	20	3
294	45	3
294	6	4
294	28	4
295	56	2
295	22	2
295	53	2
295	16	2
295	9	2
295	58	2
295	28	2
295	35	1
295	14	2
295	61	2
296	10	2
296	3	2
296	56	3
296	53	1
296	40	4
296	55	1
296	63	2
296	58	4
296	20	1
296	42	2
297	37	3
297	3	3
297	51	3
297	41	3
297	34	3
297	2	3
297	40	3
297	9	3
297	55	4
297	28	3
298	3	2
298	65	1
298	89	1
298	67	1
298	26	1
298	16	1
298	9	1
298	42	1
298	5	1
298	25	2
299	36	1
299	23	1
299	9	1
299	34	1
299	42	1
299	58	2
299	6	1
299	47	1
299	31	1
299	35	2
300	49	2
300	3	1
300	68	2
300	2	2
300	16	1
300	9	2
300	22	2
300	40	2
300	65	2
300	21	2
301	1	4
301	5	3
301	39	4
301	55	4
301	31	3
301	3	3
301	13	4
301	56	4
301	10	4
301	35	4
302	23	1
302	12	1
302	32	2
302	13	1
302	71	1
302	10	2
302	9	1
302	34	1
302	58	2
302	42	2
303	8	3
303	16	1
303	57	1
303	53	3
303	23	1
303	9	4
303	13	4
303	58	1
303	54	3
303	3	3
304	90	2
304	1	2
304	2	2
304	31	1
304	16	2
304	23	1
304	97	2
304	17	2
304	61	2
304	29	2
305	16	2
305	24	2
305	12	2
305	76	2
305	34	2
305	15	2
305	35	2
305	31	1
305	21	1
305	54	2
306	49	1
306	55	1
306	14	1
306	65	1
306	56	1
306	31	1
306	61	1
306	9	1
306	51	1
306	3	2
307	13	1
307	36	1
307	15	1
307	3	2
307	34	1
307	41	1
307	39	1
307	21	1
307	73	1
307	30	1
308	50	1
308	23	2
308	90	2
308	72	1
308	1	2
308	4	2
308	13	2
308	16	1
308	6	2
308	31	2
309	35	1
309	40	1
309	37	2
309	16	1
309	55	2
309	13	1
309	19	1
309	3	1
309	8	2
309	25	1
310	36	2
310	1	2
310	22	2
310	27	2
310	34	2
310	23	1
310	43	2
310	63	2
310	45	2
310	13	1
311	1	3
311	37	3
311	15	3
311	9	4
311	34	4
311	87	3
311	58	3
311	28	3
311	35	4
311	101	2
312	23	3
312	65	3
312	47	3
312	31	4
312	9	4
312	3	3
312	41	4
312	53	4
312	16	4
312	35	4
313	3	3
313	36	3
313	13	3
313	52	3
313	40	3
313	16	3
313	41	3
313	20	3
313	21	3
313	6	3
314	11	1
314	19	1
314	37	1
314	8	1
314	16	1
314	31	1
314	28	1
314	54	1
314	55	1
314	9	1
315	35	1
315	15	1
315	34	1
315	13	2
315	31	1
315	9	1
315	61	1
315	84	2
315	25	1
315	28	1
316	16	1
316	11	1
316	40	2
316	3	2
316	20	2
316	22	2
316	25	2
316	34	2
316	19	2
316	21	2
317	16	4
317	37	3
317	1	3
317	2	3
317	13	4
317	22	4
317	34	4
317	3	4
317	10	4
317	62	4
318	23	2
318	56	1
318	3	2
318	37	2
318	10	1
318	35	1
318	20	2
318	28	2
318	55	2
318	34	2
319	16	4
319	34	4
319	40	4
319	14	3
319	51	4
319	35	3
319	20	3
319	43	4
319	8	3
319	41	4
320	16	4
320	75	4
320	24	4
320	3	4
320	41	4
320	17	4
320	37	3
320	43	4
320	60	4
320	27	4
321	76	1
321	40	1
321	50	1
321	34	1
321	35	1
321	31	2
321	29	2
321	14	1
321	16	1
321	30	1
322	1	4
322	61	4
322	17	4
322	41	3
322	44	4
322	3	4
322	87	4
322	9	4
322	20	3
322	45	3
323	1	3
323	37	3
323	3	3
323	40	4
323	39	4
323	27	3
323	12	3
323	31	3
323	34	3
323	25	3
324	24	4
324	31	4
324	89	4
324	2	4
324	62	3
324	19	4
324	44	4
324	9	4
324	88	4
324	13	4
325	1	3
325	43	3
325	2	3
325	61	3
325	31	3
325	47	4
325	55	3
325	11	3
325	25	4
325	28	4
326	13	4
326	53	3
326	39	4
326	9	3
326	35	4
326	16	3
326	18	3
326	43	4
326	25	3
326	28	4
327	22	4
327	51	1
327	3	1
327	53	1
327	19	2
327	35	1
327	16	1
327	54	1
327	25	2
327	47	1
328	34	4
328	74	3
328	1	1
328	53	1
328	3	3
328	10	4
328	16	3
328	23	4
328	8	3
328	62	3
329	24	4
329	9	4
329	34	4
329	60	4
329	23	4
329	42	4
329	19	3
329	10	4
329	22	4
329	31	4
330	2	2
330	96	1
330	47	1
330	27	1
330	8	1
330	35	2
330	31	1
330	39	1
330	69	1
330	34	1
331	2	4
331	3	4
331	35	4
331	14	4
331	13	4
331	68	4
331	16	4
331	40	4
331	27	4
331	58	3
332	79	3
332	34	3
332	35	3
332	39	4
332	5	3
332	3	3
332	58	3
332	9	3
332	21	3
332	47	3
333	37	1
333	35	1
333	63	2
333	42	1
333	10	1
333	45	1
333	41	1
333	16	1
333	22	2
333	13	2
334	12	4
334	2	4
334	26	3
334	23	4
334	28	4
334	35	4
334	20	4
334	47	4
334	43	4
334	98	4
335	1	1
335	16	1
335	35	1
335	37	1
335	61	1
335	9	1
335	36	1
335	21	1
335	20	1
335	28	1
336	90	3
336	13	3
336	22	3
336	5	3
336	14	3
336	69	3
336	45	3
336	41	3
336	94	3
336	16	3
337	2	4
337	13	4
337	39	4
337	8	4
337	10	3
337	41	4
337	3	3
337	47	4
337	21	4
337	88	4
338	48	2
338	40	1
338	15	1
338	31	1
338	22	4
338	20	2
338	41	1
338	53	1
338	10	2
338	3	2
339	14	4
339	12	3
339	2	4
339	37	3
339	67	3
339	32	3
339	35	3
339	3	3
339	19	4
339	34	4
340	35	1
340	36	1
340	37	1
340	81	1
340	72	1
340	25	1
340	16	1
340	47	1
340	53	1
340	3	1
341	24	4
341	37	3
341	3	4
341	62	4
341	31	3
341	16	4
341	54	4
341	69	4
341	13	4
341	11	4
342	83	4
342	41	4
342	12	4
342	47	4
342	30	3
342	39	4
342	20	3
342	42	4
342	34	4
342	3	3
343	1	2
343	61	2
343	35	2
343	21	2
343	28	2
343	20	2
343	66	2
343	16	2
343	31	2
343	3	2
344	23	3
344	72	4
344	85	4
344	2	4
344	99	3
344	4	4
344	62	3
344	37	2
344	61	4
344	3	4
345	37	2
345	1	2
345	16	1
345	25	1
345	23	2
345	34	1
345	13	2
345	97	1
345	54	2
345	58	2
346	11	3
346	9	4
346	31	4
346	34	4
346	71	3
346	17	4
346	41	4
346	3	4
346	54	4
346	45	3
347	12	2
347	1	2
347	61	2
347	34	1
347	10	1
347	44	1
347	47	2
347	8	2
347	50	2
347	3	2
348	31	4
348	14	3
348	47	3
348	23	3
348	40	3
348	13	3
348	10	3
348	20	3
348	19	3
348	53	3
349	2	2
349	9	2
349	42	2
349	20	2
349	5	1
349	6	2
349	35	1
349	51	2
349	14	2
349	34	2
350	11	1
350	16	1
350	14	2
350	19	2
350	27	2
350	51	1
350	35	4
350	13	1
350	25	1
350	59	2
351	13	4
351	3	3
351	40	4
351	34	4
351	16	4
351	22	4
351	19	4
351	35	4
351	59	4
351	55	4
352	11	1
352	2	2
352	52	1
352	31	1
352	41	2
352	44	1
352	21	1
352	25	1
352	20	2
352	35	1
353	2	3
353	40	4
353	70	4
353	43	4
353	22	4
353	9	3
353	16	4
353	31	4
353	58	3
353	69	4
354	1	1
354	32	1
354	5	1
354	15	2
354	23	2
354	55	2
354	62	2
354	52	1
354	27	2
354	60	2
355	40	4
355	99	4
355	53	4
355	9	4
355	5	4
355	28	4
355	3	3
355	35	4
355	19	4
355	29	3
356	13	2
356	44	1
356	35	1
356	3	2
356	51	2
356	42	2
356	54	2
356	62	2
356	73	1
356	20	2
357	24	1
357	78	2
357	90	1
357	31	1
357	25	2
357	40	1
357	52	1
357	62	2
357	53	1
357	20	1
358	35	4
358	25	4
358	13	4
358	52	4
358	9	4
358	2	4
358	12	4
358	54	4
358	21	4
358	36	4
359	48	3
359	55	4
359	1	3
359	22	3
359	34	4
359	61	3
359	97	4
359	25	4
359	9	1
359	16	4
360	11	1
360	16	1
360	56	1
360	18	3
360	35	1
360	61	1
360	31	1
360	25	1
360	53	1
360	47	1
361	31	3
361	5	4
361	3	3
361	43	3
361	54	3
361	9	3
361	20	3
361	34	3
361	22	3
361	55	4
362	12	2
362	39	2
362	40	2
362	58	2
362	51	1
362	13	2
362	20	2
362	45	2
362	43	2
362	14	2
363	37	3
363	50	4
363	39	3
363	56	4
363	13	4
363	40	4
363	2	4
363	15	3
363	10	4
363	60	4
364	9	4
364	55	4
364	22	4
364	29	3
364	42	4
364	30	4
364	88	3
364	20	4
364	16	3
364	3	3
365	22	2
365	9	2
365	6	2
365	1	2
365	43	2
365	40	2
365	55	2
365	16	1
365	44	1
365	35	2
366	4	4
366	35	4
366	51	4
366	1	4
366	34	4
366	16	4
366	21	3
366	39	4
366	43	4
366	41	3
367	2	1
367	40	2
367	31	2
367	20	1
367	19	2
367	23	2
367	50	2
367	3	1
367	16	2
367	63	1
368	24	1
368	40	1
368	1	1
368	34	2
368	47	2
368	19	2
368	13	2
368	3	1
368	9	1
368	31	1
369	85	1
369	1	4
369	37	3
369	5	1
369	14	1
369	23	3
369	34	4
369	16	3
369	35	3
369	88	1
370	37	3
370	35	4
370	1	4
370	16	4
370	23	4
370	58	3
370	9	4
370	53	4
370	20	4
370	66	4
371	3	2
371	16	1
371	41	1
371	8	1
371	20	1
371	39	1
371	54	1
371	21	2
371	35	1
371	9	1
372	37	3
372	40	4
372	99	4
372	67	3
372	10	4
372	26	3
372	21	4
372	58	3
372	3	4
372	8	3
373	14	4
373	85	4
373	40	3
373	63	4
373	23	3
373	20	3
373	29	3
373	5	3
373	21	3
373	25	3
374	2	3
374	40	2
374	23	1
374	26	3
374	41	2
374	21	2
374	3	2
374	35	1
374	9	2
374	62	2
375	55	3
375	40	4
375	4	4
375	16	4
375	31	4
375	13	4
375	19	3
375	23	4
375	21	3
375	43	3
376	22	2
376	6	1
376	52	2
376	43	1
376	35	2
376	50	1
376	47	1
376	16	1
376	5	1
376	11	1
377	13	4
377	1	4
377	37	3
377	55	4
377	17	4
377	20	4
377	60	4
377	42	4
377	29	3
377	28	4
378	14	3
378	50	3
378	17	4
378	13	3
378	23	3
378	9	3
378	6	3
378	41	4
378	29	3
378	43	3
379	90	4
379	99	4
379	89	4
379	6	4
379	43	4
379	20	3
379	35	4
379	21	4
379	12	4
379	28	4
380	13	1
380	37	1
380	43	1
380	56	1
380	1	1
380	41	1
380	21	1
380	3	2
380	63	1
380	9	1
381	16	4
381	23	4
381	39	3
381	19	4
381	69	4
381	20	3
381	34	4
381	58	3
381	3	2
381	82	4
382	56	3
382	40	4
382	13	4
382	23	4
382	2	4
382	19	3
382	20	3
382	28	4
382	21	4
382	9	4
383	48	1
383	79	2
383	39	1
383	1	2
383	40	2
383	47	2
383	10	1
383	34	2
383	44	1
383	102	2
384	34	3
384	50	4
384	3	4
384	13	4
384	61	3
384	63	4
384	9	3
384	28	4
384	41	3
384	94	4
385	78	4
385	37	3
385	36	4
385	56	3
385	14	3
385	15	3
385	17	4
385	41	3
385	21	4
385	16	4
386	11	3
386	12	4
386	24	4
386	43	4
386	39	3
386	15	3
386	60	3
386	50	3
386	29	2
386	9	4
387	40	2
387	10	2
387	23	2
387	47	2
387	27	2
387	12	2
387	54	2
387	16	1
387	20	2
387	3	2
388	1	2
388	40	2
388	4	2
388	51	2
388	16	1
388	14	1
388	6	2
388	2	2
388	50	2
388	41	2
389	40	3
389	7	3
389	16	3
389	28	3
389	10	3
389	21	3
389	9	3
389	6	3
389	20	3
389	34	3
390	25	3
390	47	3
390	39	4
390	43	3
390	41	4
390	34	3
390	9	4
390	35	3
390	20	3
390	53	4
391	12	4
391	10	4
391	61	3
391	41	4
391	17	3
391	42	4
391	20	4
391	9	4
391	103	4
391	35	4
392	24	1
392	40	1
392	47	2
392	34	1
392	19	2
392	91	1
392	54	1
392	7	2
392	72	2
392	25	2
393	2	2
393	70	2
393	35	2
393	37	1
393	39	1
393	31	1
393	27	1
393	3	2
393	16	1
393	7	1
394	49	4
394	96	4
394	31	4
394	40	4
394	34	4
394	17	4
394	15	4
394	13	4
394	2	3
394	5	4
395	48	2
395	11	2
395	85	2
395	36	2
395	51	2
395	39	2
395	53	2
395	3	1
395	31	2
395	13	2
396	12	1
396	17	2
396	25	1
396	16	1
396	34	1
396	41	1
396	58	1
396	63	1
396	73	1
396	42	2
397	8	3
397	15	3
397	3	3
397	41	4
397	9	4
397	63	3
397	26	3
397	13	4
397	35	4
397	44	4
398	1	2
398	10	1
398	13	2
398	47	2
398	35	1
398	25	2
398	40	2
398	91	1
398	53	1
398	51	2
399	72	1
399	39	1
399	61	1
399	27	1
399	34	1
399	23	1
399	20	1
399	58	1
399	12	1
399	50	2
400	37	3
400	36	3
400	44	3
400	35	3
400	60	3
400	3	3
400	6	3
400	10	3
400	31	4
400	43	3
401	104	4
401	17	4
401	52	4
401	40	4
401	3	3
401	22	4
401	23	4
401	16	4
401	41	3
401	34	4
402	15	2
402	1	2
402	9	2
402	2	2
402	18	3
402	13	2
402	41	2
402	55	2
402	30	2
402	10	1
403	13	1
403	35	2
403	16	1
403	1	2
403	22	1
403	40	2
403	56	2
403	61	2
403	3	2
403	43	2
404	74	4
404	90	4
404	13	4
404	76	4
404	56	4
404	35	4
404	28	4
404	20	4
404	54	4
404	22	4
405	40	3
405	13	3
405	9	3
405	16	3
405	43	3
405	7	1
405	23	3
405	41	3
405	35	1
405	58	3
406	70	1
406	22	2
406	16	1
406	26	1
406	61	2
406	34	2
406	2	2
406	13	2
406	50	2
406	35	1
407	34	1
407	2	1
407	85	1
407	56	1
407	63	1
407	9	1
407	50	1
407	31	1
407	29	2
407	66	1
408	11	2
408	36	2
408	79	2
408	35	1
408	56	2
408	55	2
408	37	2
408	53	1
408	43	2
408	13	2
409	16	1
409	10	1
409	43	1
409	15	1
409	17	1
409	35	2
409	56	1
409	34	2
409	39	2
409	47	1
410	13	1
410	90	1
410	34	1
410	53	1
410	56	1
410	41	1
410	43	1
410	31	2
410	35	1
410	16	1
411	11	1
411	10	1
411	3	2
411	62	2
411	25	1
411	58	1
411	13	1
411	66	2
411	42	2
411	19	2
412	48	4
412	13	4
412	23	4
412	28	4
412	45	3
412	35	4
412	69	4
412	50	4
412	20	4
412	3	3
413	1	4
413	12	4
413	3	3
413	31	4
413	21	3
413	25	4
413	50	4
413	16	4
413	30	3
413	28	4
414	13	4
414	85	3
414	40	4
414	56	4
414	47	4
414	23	4
414	17	4
414	43	4
414	21	3
414	28	3
415	31	4
415	1	3
415	62	3
415	58	3
415	69	3
415	22	3
415	41	3
415	63	3
415	35	3
415	6	3
416	3	3
416	53	3
416	34	4
416	35	4
416	61	4
416	47	4
416	46	4
416	21	4
416	58	3
416	5	3
417	40	2
417	35	1
417	26	4
417	43	2
417	20	2
417	31	2
417	55	2
417	16	1
417	34	2
417	28	1
418	34	4
418	14	4
418	55	3
418	3	4
418	17	4
418	23	4
418	50	3
418	58	3
418	53	4
418	61	3
419	35	4
419	49	4
419	43	4
419	1	4
419	69	4
419	54	4
419	44	4
419	34	4
419	21	4
419	9	4
420	70	1
420	10	1
420	37	2
420	17	1
420	34	2
420	13	2
420	20	2
420	9	2
420	63	2
420	50	2
421	12	4
421	15	4
421	25	4
421	43	4
421	71	4
421	6	4
421	41	4
421	42	4
421	34	3
421	22	4
422	48	4
422	74	3
422	4	4
422	15	4
422	56	4
422	22	4
422	20	4
422	5	4
422	63	4
422	43	4
423	2	1
423	65	1
423	90	1
423	16	2
423	17	1
423	56	1
423	23	1
423	60	1
423	53	1
423	13	1
424	50	2
424	10	1
424	27	2
424	9	2
424	35	2
424	20	2
424	21	2
424	16	1
424	14	1
424	11	1
425	56	3
425	99	3
425	16	3
425	37	3
425	2	4
425	35	3
425	3	3
425	31	3
425	12	3
425	34	3
426	35	1
426	40	2
426	1	2
426	37	2
426	9	2
426	54	1
426	34	2
426	58	2
426	13	1
426	28	1
427	10	4
427	67	3
427	15	4
427	3	3
427	2	4
427	22	4
427	13	4
427	34	4
427	21	4
427	42	4
428	72	2
428	80	1
428	1	1
428	3	2
428	41	1
428	34	1
428	27	1
428	61	1
428	17	1
428	5	2
429	11	3
429	13	3
429	20	3
429	23	3
429	9	4
429	22	3
429	25	3
429	43	3
429	10	3
429	28	3
430	83	3
430	31	3
430	2	4
430	20	4
430	56	3
430	61	3
430	23	3
430	29	3
430	8	3
430	22	3
431	70	4
431	77	4
431	65	3
431	43	4
431	27	4
431	56	3
431	35	4
431	26	3
431	7	4
431	6	4
432	24	3
432	16	3
432	2	4
432	20	3
432	29	3
432	34	3
432	53	3
432	14	3
432	31	3
432	22	3
433	25	2
433	1	1
433	52	2
433	15	1
433	43	1
433	16	1
433	9	1
433	5	1
433	58	2
433	28	2
434	77	2
434	52	1
434	22	1
434	34	1
434	30	2
434	35	1
434	47	2
434	11	1
434	25	1
434	31	1
435	4	1
435	2	1
435	7	1
435	105	1
435	12	1
435	72	1
435	20	1
435	62	1
435	27	1
435	94	1
436	2	4
436	70	4
436	37	3
436	61	4
436	4	4
436	3	3
436	22	4
436	16	4
436	7	4
436	20	3
437	32	4
437	16	4
437	13	4
437	31	3
437	43	4
437	8	3
437	9	4
437	20	3
437	30	3
437	53	4
438	13	4
438	10	4
438	50	4
438	22	4
438	5	4
438	20	4
438	47	4
438	29	3
438	58	3
438	54	4
439	4	2
439	85	1
439	33	1
439	55	2
439	51	1
439	61	2
439	10	1
439	41	2
439	13	2
439	54	2
440	13	4
440	25	1
440	15	1
440	21	2
440	65	1
440	5	1
440	20	2
440	58	2
440	106	1
440	66	2
441	2	3
441	25	4
441	37	3
441	17	4
441	9	3
441	47	4
441	73	1
441	35	4
441	30	4
441	29	3
442	19	3
442	26	3
442	91	4
442	3	3
442	9	3
442	20	4
442	43	4
442	34	4
442	28	4
442	82	4
443	24	1
443	39	1
443	56	1
443	31	2
443	47	1
443	16	2
443	13	1
443	12	1
443	55	2
443	40	1
444	10	1
444	4	2
444	40	2
444	2	2
444	23	2
444	41	2
444	66	2
444	51	2
444	21	2
444	31	1
445	1	2
445	10	1
445	43	1
445	3	4
445	37	2
445	45	1
445	13	2
445	20	1
445	16	1
445	25	1
446	55	4
446	56	4
446	8	4
446	23	4
446	9	4
446	13	4
446	34	4
446	20	4
446	21	4
446	43	4
447	43	3
447	62	3
447	45	1
447	5	1
447	73	1
447	19	1
447	10	1
447	25	2
447	84	1
447	35	2
448	50	3
448	1	4
448	37	3
448	3	3
448	35	3
448	13	4
448	43	3
448	58	3
448	17	3
448	20	3
449	2	4
449	37	3
449	12	4
449	35	4
449	57	3
449	23	4
449	46	4
449	41	4
449	20	4
449	5	4
450	2	4
450	40	4
450	12	4
450	25	3
450	32	4
450	13	4
450	10	4
450	41	4
450	52	4
450	35	4
451	1	4
451	16	4
451	37	3
451	62	4
451	31	4
451	35	4
451	43	4
451	36	4
451	94	4
451	13	4
452	2	3
452	1	3
452	56	3
452	31	3
452	16	3
452	37	3
452	9	3
452	28	3
452	29	1
452	25	3
453	2	4
453	12	4
453	70	4
453	13	4
453	5	4
453	55	4
453	43	4
453	20	4
453	7	3
453	47	4
454	13	4
454	3	3
454	39	4
454	22	3
454	20	3
454	9	3
454	16	4
454	18	1
454	40	4
454	47	4
455	13	3
455	15	3
455	27	3
455	20	3
455	37	3
455	3	3
455	47	3
455	16	3
455	29	2
455	22	3
456	1	3
456	40	3
456	4	3
456	61	3
456	8	3
456	15	3
456	60	3
456	54	3
456	21	3
456	34	3
457	77	3
457	13	3
457	39	2
457	37	3
457	40	3
457	54	3
457	16	3
457	53	2
457	69	3
457	45	1
458	40	1
458	12	1
458	3	1
458	43	1
458	34	1
458	60	1
458	9	1
458	10	1
458	6	1
458	42	1
459	12	3
459	1	3
459	55	3
459	56	3
459	6	3
459	13	4
459	15	3
459	34	4
459	23	3
459	22	3
460	3	2
460	53	2
460	16	1
460	19	2
460	52	1
460	45	2
460	11	2
460	28	2
460	50	2
460	9	2
461	50	3
461	39	3
461	35	3
461	22	3
461	17	4
461	8	3
461	54	3
461	53	4
461	3	3
461	43	3
462	4	4
462	14	3
462	9	4
462	6	4
462	17	4
462	39	4
462	60	4
462	34	4
462	63	4
462	54	4
463	11	1
463	43	1
463	35	1
463	41	2
463	40	2
463	54	1
463	55	2
463	61	2
463	23	1
463	31	1
464	36	3
464	3	3
464	81	3
464	65	3
464	31	3
464	16	3
464	2	3
464	13	3
464	50	3
464	43	3
465	12	4
465	16	4
465	47	4
465	13	4
465	43	4
465	28	4
465	3	3
465	34	4
465	41	4
465	22	4
466	14	2
466	22	4
466	4	1
466	39	1
466	56	2
466	40	1
466	86	1
466	23	1
466	12	1
466	20	1
467	4	3
467	85	3
467	53	4
467	3	3
467	43	3
467	13	3
467	69	3
467	17	3
467	20	3
467	34	3
468	10	4
468	4	4
468	56	3
468	14	3
468	23	4
468	58	3
468	39	3
468	20	3
468	41	4
468	42	4
469	14	2
469	63	2
469	39	2
469	47	2
469	53	2
469	9	2
469	21	2
469	13	2
469	12	2
469	29	2
470	85	1
470	12	4
470	55	4
470	47	4
470	3	3
470	17	4
470	39	4
470	7	1
470	61	3
470	29	3
471	36	2
471	41	2
471	10	1
471	60	2
471	55	2
471	22	1
471	58	1
471	43	2
471	28	1
471	53	1
472	16	2
472	13	2
472	35	2
472	3	2
472	21	2
472	53	1
472	9	2
472	39	2
472	20	2
472	43	2
473	13	2
473	8	2
473	55	2
473	40	2
473	37	2
473	22	1
473	43	2
473	20	2
473	36	2
473	59	2
474	35	1
474	12	2
474	50	2
474	47	2
474	37	2
474	34	2
474	9	2
474	42	2
474	28	1
474	16	1
475	13	2
475	90	1
475	40	1
475	41	1
475	23	1
475	34	1
475	39	1
475	51	1
475	63	2
475	21	2
476	65	2
476	3	1
476	27	1
476	20	1
476	41	1
476	22	2
476	42	1
476	29	2
476	12	1
476	36	2
477	1	2
477	13	1
477	9	1
477	17	1
477	29	2
477	27	1
477	43	1
477	41	1
477	20	1
477	66	2
478	43	4
478	15	3
478	26	1
478	27	3
478	28	4
478	9	3
478	47	4
478	58	3
478	42	4
478	34	4
479	1	4
479	32	4
479	65	3
479	31	4
479	3	4
479	22	4
479	17	4
479	23	4
479	20	4
479	35	4
480	37	2
480	13	2
480	25	1
480	20	2
480	43	1
480	23	1
480	45	1
480	3	2
480	16	1
480	9	1
481	55	2
481	40	2
481	9	2
481	7	2
481	3	2
481	50	2
481	25	2
481	13	2
481	20	2
481	42	2
482	35	3
482	39	4
482	1	4
482	16	4
482	10	3
482	40	3
482	5	3
482	54	4
482	88	4
482	43	4
483	16	4
483	15	3
483	13	4
483	35	4
483	57	4
483	43	4
483	31	3
483	8	4
483	23	4
483	39	4
484	34	4
484	19	1
484	35	4
484	14	1
484	88	1
484	28	4
484	55	3
484	16	3
484	20	4
484	26	1
485	35	3
485	19	3
485	50	3
485	65	3
485	53	3
485	14	3
485	11	3
485	22	3
485	58	3
485	31	3
486	90	3
486	70	3
486	52	3
486	47	3
486	10	4
486	35	3
486	3	3
486	60	3
486	55	3
486	31	3
487	41	4
487	3	3
487	22	3
487	95	4
487	57	4
487	35	4
487	9	4
487	43	4
487	31	4
487	25	4
488	56	2
488	37	1
488	50	1
488	36	1
488	13	1
488	15	1
488	5	1
488	39	1
488	45	1
488	23	1
489	13	4
489	80	3
489	31	3
489	1	4
489	56	3
489	50	3
489	47	3
489	63	3
489	39	3
489	41	3
490	58	3
490	22	4
490	39	4
490	20	3
490	43	4
490	53	3
490	21	4
490	41	4
490	35	4
490	31	3
491	11	3
491	14	4
491	61	4
491	22	4
491	15	4
491	7	3
491	43	4
491	60	4
491	9	3
491	31	4
492	13	3
492	3	3
492	22	3
492	21	3
492	11	3
492	50	3
492	31	3
492	94	3
492	84	3
492	55	4
493	37	1
493	70	1
493	10	1
493	40	2
493	61	2
493	47	2
493	36	2
493	62	1
493	17	1
493	3	2
494	40	4
494	6	4
494	44	4
494	28	4
494	35	4
494	20	3
494	45	3
494	102	4
494	31	3
494	10	4
495	11	4
495	15	3
495	34	3
495	41	3
495	5	3
495	60	3
495	25	3
495	31	3
495	45	3
495	61	3
496	49	1
496	2	2
496	35	1
496	17	2
496	31	1
496	16	1
496	9	2
496	43	2
496	28	1
496	69	2
497	4	4
497	1	4
497	5	3
497	53	3
497	55	3
497	23	4
497	54	4
497	43	3
497	35	4
497	21	3
498	35	4
498	27	3
498	34	3
498	40	3
498	53	4
498	22	3
498	3	3
498	28	4
498	42	4
498	25	4
499	11	4
499	39	4
499	35	4
499	13	4
499	17	4
499	20	4
499	50	4
499	23	3
499	9	4
499	29	3
500	13	3
500	14	3
500	5	3
500	39	3
500	9	3
500	21	3
500	59	3
500	22	3
500	28	3
500	11	3
501	77	1
501	40	1
501	13	1
501	56	1
501	15	1
501	50	1
501	27	1
501	3	1
501	20	1
501	34	1
502	16	3
502	13	3
502	35	3
502	3	3
502	23	3
502	19	3
502	53	4
502	9	3
502	6	3
502	30	3
503	56	3
503	89	4
503	39	4
503	37	3
503	19	4
503	35	4
503	16	4
503	17	4
503	63	4
503	97	4
504	11	2
504	99	3
504	34	1
504	51	1
504	47	1
504	31	2
504	52	2
504	5	1
504	37	1
504	21	2
505	12	2
505	39	2
505	40	2
505	96	2
505	32	2
505	52	2
505	1	2
505	17	2
505	20	2
505	60	2
506	4	2
506	20	2
506	43	2
506	30	2
506	5	1
506	3	2
506	11	1
506	9	2
506	31	1
506	26	1
507	34	3
507	16	3
507	35	3
507	14	3
507	8	3
507	51	3
507	54	3
507	3	4
507	55	3
507	43	3
508	43	3
508	40	4
508	95	4
508	34	4
508	35	4
508	53	4
508	58	3
508	16	4
508	22	3
508	25	4
509	51	4
509	61	4
509	50	4
509	3	3
509	16	3
509	39	4
509	9	4
509	21	4
509	35	4
509	20	4
510	12	4
510	36	4
510	70	4
510	24	4
510	31	4
510	15	4
510	95	4
510	16	4
510	41	4
510	44	4
511	60	1
511	47	1
511	102	1
511	29	2
511	3	3
511	14	2
511	21	1
511	5	1
511	16	1
511	28	1
512	55	2
512	40	2
512	35	2
512	3	2
512	45	2
512	5	1
512	88	2
512	66	1
512	94	2
512	34	2
513	40	1
513	31	1
513	20	1
513	43	1
513	3	1
513	28	1
513	10	1
513	63	1
513	22	2
513	25	1
514	13	3
514	43	3
514	89	3
514	76	1
514	71	3
514	35	3
514	57	3
514	9	3
514	34	3
514	47	3
515	11	1
515	22	2
515	13	3
515	9	2
515	3	2
515	94	1
515	53	2
515	19	2
515	16	1
515	51	2
516	31	3
516	39	3
516	5	4
516	20	3
516	12	3
516	73	3
516	66	4
516	21	1
516	28	4
516	13	4
517	12	4
517	70	4
517	27	4
517	26	3
517	17	4
517	16	3
517	35	3
517	8	4
517	43	4
517	20	4
518	11	3
518	2	4
518	65	3
518	1	3
518	16	4
518	31	3
518	13	4
518	53	4
518	9	3
518	19	4
519	76	3
519	35	3
519	13	3
519	31	3
519	23	3
519	58	3
519	16	3
519	29	3
519	55	3
519	43	3
520	16	1
520	26	1
520	41	1
520	34	1
520	21	1
520	31	1
520	35	1
520	9	1
520	73	1
520	43	1
521	50	2
521	31	2
521	56	2
521	35	1
521	23	2
521	15	2
521	43	3
521	6	2
521	8	2
521	59	1
522	14	1
522	27	3
522	52	4
522	26	1
522	23	3
522	12	4
522	43	3
522	29	3
522	35	4
522	66	1
523	49	1
523	2	2
523	23	1
523	58	1
523	37	1
523	10	2
523	51	1
523	20	1
523	30	1
523	63	1
524	1	3
524	14	3
524	40	4
524	69	3
524	21	3
524	30	3
524	10	3
524	66	3
524	35	3
524	54	3
525	1	2
525	3	1
525	53	2
525	56	1
525	13	2
525	40	2
525	19	2
525	60	2
525	31	1
525	65	2
526	49	1
526	67	1
526	39	1
526	31	1
526	25	1
526	35	2
526	3	1
526	9	1
526	73	1
526	53	1
527	25	4
527	3	4
527	56	4
527	13	4
527	45	3
527	8	3
527	5	4
527	20	4
527	69	4
527	28	4
528	12	4
528	81	4
528	10	4
528	61	4
528	3	3
528	44	4
528	13	4
528	9	3
528	73	4
528	41	4
529	1	4
529	40	3
529	31	4
529	10	3
529	53	3
529	17	4
529	20	4
529	55	4
529	97	3
529	43	3
530	13	4
530	1	4
530	37	3
530	16	4
530	53	4
530	15	4
530	55	4
530	3	3
530	9	4
530	22	4
531	12	4
531	76	4
531	41	3
531	23	4
531	29	3
531	19	4
531	47	4
531	20	4
531	27	4
531	45	4
532	2	3
532	67	3
532	14	3
532	23	4
532	21	4
532	26	3
532	5	4
532	35	4
532	27	4
532	69	4
533	10	4
533	37	3
533	16	4
533	47	4
533	53	3
533	34	4
533	3	3
533	57	4
533	5	4
533	13	4
534	11	1
534	47	1
534	72	1
534	61	1
534	31	1
534	56	1
534	7	1
534	91	2
534	9	1
534	3	1
535	40	4
535	43	3
535	55	3
535	5	4
535	34	4
535	35	4
535	7	1
535	44	4
535	6	4
535	50	3
536	50	2
536	56	2
536	20	2
536	47	2
536	36	2
536	16	1
536	3	2
536	19	2
536	14	1
536	25	2
537	12	4
537	76	4
537	47	4
537	2	4
537	20	4
537	23	3
537	36	4
537	9	4
537	66	3
537	30	3
538	2	4
538	13	4
538	61	3
538	60	4
538	50	3
538	54	4
538	31	3
538	47	4
538	9	4
538	58	3
539	3	2
539	55	2
539	8	2
539	31	2
539	23	2
539	2	2
539	43	2
539	21	1
539	45	2
539	47	2
540	3	3
540	31	3
540	39	4
540	40	4
540	52	4
540	15	3
540	56	3
540	9	4
540	12	4
540	46	3
541	4	3
541	3	3
541	40	3
541	8	3
541	35	3
541	15	3
541	57	4
541	21	4
541	13	3
541	43	3
542	16	4
542	37	3
542	35	4
542	9	3
542	51	3
542	28	3
542	54	3
542	22	3
542	61	3
542	19	3
543	16	1
543	40	1
543	55	1
543	50	1
543	41	1
543	20	1
543	7	1
543	54	1
543	9	1
543	5	2
544	16	1
544	40	1
544	2	1
544	13	1
544	5	2
544	43	1
544	35	2
544	9	1
544	59	1
544	3	1
545	40	2
545	53	2
545	9	2
545	58	2
545	42	1
545	69	2
545	45	2
545	22	1
545	41	2
545	34	1
546	13	4
546	2	4
546	12	3
546	56	3
546	8	3
546	54	3
546	3	3
546	16	4
546	25	3
546	21	3
547	12	4
547	31	3
547	16	4
547	13	4
547	58	3
547	6	4
547	44	4
547	29	3
547	35	4
547	20	3
548	47	4
548	13	4
548	53	4
548	9	4
548	63	4
548	27	4
548	28	4
548	35	4
548	21	4
548	25	4
549	13	3
549	10	4
549	37	3
549	35	3
549	58	3
549	23	4
549	31	4
549	43	3
549	22	3
549	41	3
550	9	3
550	3	3
550	47	3
550	13	3
550	35	1
550	61	3
550	39	3
550	23	1
550	14	1
550	40	3
551	37	1
551	10	1
551	13	1
551	8	1
551	27	1
551	23	1
551	31	2
551	9	2
551	42	2
551	5	1
552	1	2
552	39	1
552	22	1
552	16	2
552	9	1
552	23	1
552	31	1
552	55	1
552	12	2
552	45	1
553	43	3
553	99	3
553	1	3
553	2	4
553	50	3
553	5	3
553	44	3
553	28	3
553	54	3
553	61	3
554	16	3
554	3	3
554	22	3
554	52	3
554	60	3
554	34	3
554	37	3
554	10	3
554	51	3
554	14	3
555	36	3
555	40	3
555	1	3
555	63	3
555	34	3
555	35	4
555	23	3
555	20	3
555	22	3
555	16	3
556	35	1
556	13	3
556	1	3
556	5	3
556	25	3
556	20	3
556	17	3
556	19	3
556	66	3
556	39	3
557	31	4
557	67	3
557	65	3
557	9	4
557	17	4
557	21	4
557	35	4
557	20	4
557	22	4
557	5	3
558	43	4
558	25	4
558	37	3
558	17	4
558	22	4
558	19	4
558	13	4
558	5	4
558	12	4
558	54	4
559	50	2
559	76	2
559	25	2
559	41	2
559	27	2
559	65	2
559	69	2
559	73	1
559	22	2
559	20	2
560	2	2
560	12	1
560	16	2
560	53	1
560	35	2
560	65	2
560	26	2
560	13	2
560	58	3
560	60	1
561	2	1
561	55	2
561	35	1
561	8	1
561	17	1
561	56	2
561	19	2
561	20	2
561	39	2
561	13	2
562	48	2
562	37	2
562	4	2
562	1	1
562	16	1
562	43	2
562	22	1
562	21	2
562	40	1
562	13	2
563	1	1
563	16	1
563	34	1
563	47	1
563	6	1
563	61	1
563	10	1
563	45	1
563	14	1
563	25	1
564	76	4
564	16	3
564	35	4
564	31	4
564	58	3
564	41	4
564	43	4
564	5	4
564	29	3
564	25	4
565	50	4
565	34	4
565	16	4
565	40	4
565	13	4
565	35	4
565	9	3
565	28	4
565	31	3
565	6	4
566	2	3
566	20	3
566	3	3
566	54	3
566	60	3
566	23	3
566	62	3
566	8	3
566	43	4
566	42	3
567	56	2
567	39	2
567	21	2
567	60	2
567	55	2
567	20	2
567	34	1
567	9	2
567	13	2
567	58	2
568	14	3
568	1	4
568	89	4
568	40	4
568	56	3
568	20	4
568	43	4
568	54	4
568	63	4
568	61	4
569	22	3
569	55	1
569	9	3
569	34	3
569	60	3
569	43	1
569	65	3
569	35	3
569	10	3
569	20	3
570	4	3
570	43	4
570	34	4
570	28	3
570	47	4
570	59	4
570	42	4
570	107	3
570	9	3
570	73	3
571	3	3
571	31	3
571	34	3
571	58	2
571	21	3
571	50	3
571	69	3
571	55	3
571	94	3
571	63	3
572	10	1
572	31	2
572	56	1
572	40	2
572	13	1
572	26	3
572	22	1
572	15	2
572	3	1
572	43	2
573	40	4
573	43	3
573	15	4
573	62	4
573	25	4
573	16	3
573	41	1
573	59	4
573	5	4
573	11	4
574	1	1
574	56	1
574	27	1
574	21	2
574	30	1
574	14	1
574	43	1
574	20	1
574	28	1
574	25	1
575	16	4
575	37	3
575	56	4
575	10	4
575	40	4
575	23	4
575	44	4
575	35	4
575	12	4
575	20	3
576	76	1
576	56	1
576	34	1
576	23	1
576	65	1
576	8	1
576	9	1
576	41	1
576	37	1
576	10	1
577	81	3
577	56	3
577	9	3
577	50	3
577	2	3
577	37	3
577	10	3
577	7	3
577	28	3
577	31	3
578	56	4
578	15	4
578	31	4
578	23	4
578	35	4
578	28	4
578	43	4
578	8	3
578	42	4
578	30	3
579	12	3
579	1	3
579	17	3
579	53	3
579	7	3
579	9	3
579	20	3
579	13	3
579	25	3
579	51	3
580	1	3
580	12	4
580	80	4
580	15	4
580	51	4
580	22	4
580	27	4
580	31	4
580	44	4
580	3	4
581	1	3
581	37	3
581	56	4
581	39	3
581	41	4
581	47	3
581	43	3
581	19	3
581	63	3
581	13	3
582	3	2
582	8	2
582	76	2
582	13	2
582	39	2
582	23	2
582	43	2
582	10	2
582	51	2
582	16	2
583	4	4
583	10	4
583	50	4
583	40	4
583	55	4
583	39	3
583	31	3
583	34	4
583	22	3
583	30	3
584	12	4
584	77	4
584	16	4
584	40	4
584	7	4
584	61	3
584	43	4
584	22	4
584	20	4
584	41	3
585	40	4
585	37	3
585	56	4
585	5	4
585	15	3
585	8	4
585	35	4
585	17	4
585	41	3
585	29	3
586	40	1
586	25	1
586	35	1
586	29	2
586	18	1
586	23	1
586	9	1
586	12	2
586	22	1
586	58	2
587	37	2
587	79	2
587	6	2
587	13	1
587	58	3
587	41	2
587	9	2
587	42	2
587	35	1
587	43	2
588	61	1
588	35	1
588	25	1
588	23	1
588	21	2
588	28	1
588	8	1
588	20	2
588	43	2
588	24	1
589	32	2
589	55	2
589	16	1
589	41	2
589	34	2
589	39	2
589	50	2
589	31	1
589	35	3
589	21	2
590	76	1
590	1	1
590	56	1
590	16	1
590	15	1
590	3	2
590	60	1
590	20	1
590	12	1
590	13	2
591	3	1
591	13	2
591	6	2
591	45	2
591	31	2
591	22	2
591	73	2
591	53	2
591	16	2
591	11	2
592	12	3
592	56	3
592	15	3
592	43	3
592	16	3
592	20	3
592	31	3
592	50	3
592	9	3
592	58	3
593	80	2
593	1	2
593	37	2
593	39	2
593	15	2
593	41	2
593	3	2
593	53	2
593	9	2
593	22	2
594	16	2
594	10	2
594	1	1
594	22	1
594	7	1
594	60	2
594	55	1
594	29	1
594	3	2
594	63	1
595	32	4
595	1	4
595	50	3
595	35	4
595	20	3
595	13	4
595	12	4
595	58	3
595	21	1
595	59	3
596	56	1
596	16	1
596	17	1
596	13	1
596	23	1
596	51	1
596	53	2
596	39	2
596	5	1
596	31	1
597	16	3
597	77	3
597	13	3
597	22	3
597	21	3
597	53	3
597	63	3
597	27	3
597	31	4
597	43	3
598	8	3
598	71	3
598	50	3
598	23	4
598	5	4
598	13	3
598	20	3
598	31	3
598	9	3
598	54	3
599	16	1
599	4	1
599	76	3
599	31	2
599	60	1
599	41	1
599	58	2
599	61	2
599	34	1
599	13	2
600	4	2
600	39	2
600	41	2
600	16	1
600	11	1
600	61	1
600	34	2
600	29	2
600	22	1
600	28	1
601	39	2
601	6	2
601	9	3
601	53	2
601	37	2
601	21	1
601	20	2
601	22	2
601	47	2
601	84	1
602	49	3
602	1	3
602	80	3
602	56	3
602	13	3
602	3	3
602	17	3
602	20	3
602	10	3
602	11	3
603	49	4
603	2	3
603	22	4
603	35	3
603	31	4
603	9	4
603	21	4
603	3	3
603	58	3
603	11	4
604	80	3
604	16	3
604	47	4
604	35	3
604	34	4
604	55	3
604	13	4
604	28	4
604	5	4
604	3	3
605	15	3
605	35	4
605	3	3
605	43	3
605	40	4
605	22	4
605	42	4
605	61	4
605	25	3
605	29	3
606	90	2
606	3	2
606	31	2
606	54	2
606	35	1
606	16	1
606	6	2
606	47	2
606	36	2
606	25	2
607	12	2
607	25	2
607	17	2
607	9	2
607	7	2
607	20	2
607	8	2
607	55	2
607	41	2
607	54	2
608	40	2
608	31	2
608	43	2
608	35	1
608	15	2
608	13	2
608	9	2
608	6	2
608	63	2
608	10	2
609	35	1
609	16	1
609	34	1
609	43	1
609	12	1
609	22	1
609	3	2
609	58	2
609	47	1
609	9	1
610	61	2
610	39	2
610	20	2
610	13	2
610	3	2
610	66	2
610	14	2
610	16	1
610	45	2
610	28	1
611	1	4
611	11	4
611	43	4
611	56	4
611	37	3
611	34	4
611	13	4
611	22	4
611	17	4
611	21	4
612	56	2
612	67	1
612	52	1
612	44	1
612	21	1
612	40	1
612	45	1
612	13	1
612	9	1
612	73	1
613	4	1
613	43	2
613	31	1
613	40	1
613	41	1
613	108	1
613	63	1
613	61	1
613	22	1
613	39	1
614	35	3
614	2	3
614	13	3
614	34	3
614	65	3
614	29	2
614	21	3
614	30	4
614	61	3
614	3	3
615	1	1
615	37	1
615	8	2
615	62	2
615	42	2
615	13	2
615	43	1
615	36	1
615	47	1
615	34	1
616	13	1
616	8	1
616	37	1
616	15	1
616	16	2
616	53	1
616	47	1
616	20	1
616	66	1
616	28	1
617	1	4
617	31	4
617	34	4
617	39	3
617	58	3
617	19	4
617	10	4
617	35	4
617	21	3
617	43	4
618	3	1
618	15	2
618	56	2
618	44	1
618	19	1
618	60	2
618	50	2
618	55	2
618	20	2
618	13	2
619	43	2
619	53	1
619	51	2
619	21	2
619	12	2
619	3	2
619	31	1
619	55	2
619	5	2
619	20	2
620	48	2
620	12	2
620	4	2
620	47	2
620	13	2
620	16	1
620	37	2
620	54	2
620	43	2
620	51	2
621	50	1
621	54	1
621	23	1
621	21	1
621	31	1
621	41	1
621	30	1
621	3	1
621	59	1
621	35	2
622	25	3
622	20	3
622	41	3
622	51	3
622	14	1
622	3	3
622	59	3
622	34	3
622	16	3
622	9	4
623	36	1
623	3	2
623	23	1
623	5	1
623	13	2
623	9	2
623	28	1
623	55	2
623	16	1
623	25	1
624	37	2
624	4	2
624	40	2
624	31	2
624	35	2
624	28	2
624	57	2
624	41	2
624	22	1
624	42	2
625	1	3
625	3	3
625	16	3
625	15	3
625	9	3
625	29	3
625	43	3
625	36	3
625	31	3
625	34	3
626	16	4
626	23	4
626	43	4
626	22	4
626	58	3
626	31	4
626	21	4
626	30	3
626	34	4
626	29	3
627	35	3
627	43	3
627	16	3
627	40	3
627	2	4
627	60	3
627	3	3
627	9	4
627	5	3
627	12	4
628	1	1
628	16	1
628	20	1
628	34	1
628	13	2
628	35	1
628	66	1
628	53	1
628	29	2
628	8	1
629	31	3
629	3	3
629	41	4
629	43	4
629	16	3
629	62	3
629	58	3
629	53	4
629	47	3
629	5	3
630	3	3
630	35	4
630	14	3
630	13	4
630	31	4
630	34	4
630	61	3
630	15	3
630	43	4
630	73	3
631	16	3
631	13	3
631	22	3
631	27	3
631	35	1
631	11	3
631	59	3
631	34	3
631	9	3
631	45	3
632	1	4
632	37	3
632	65	4
632	105	4
632	29	3
632	9	4
632	13	4
632	5	4
632	3	3
632	43	4
633	35	4
633	39	4
633	10	4
633	22	4
633	57	4
633	45	4
633	20	4
633	13	4
633	9	3
633	98	4
634	16	2
634	17	2
634	23	1
634	9	1
634	58	2
634	63	1
634	28	1
634	43	1
634	30	1
634	66	1
635	40	4
635	16	4
635	56	4
635	3	3
635	97	4
635	5	4
635	19	4
635	54	4
635	22	4
635	20	3
636	43	4
636	3	4
636	31	3
636	13	4
636	21	4
636	59	4
636	25	4
636	28	4
636	35	4
636	8	4
637	23	2
637	31	2
637	42	2
637	41	2
637	9	2
637	55	2
637	43	2
637	19	2
637	53	2
637	28	1
638	2	4
638	60	3
638	43	3
638	44	3
638	31	4
638	9	3
638	73	3
638	20	3
638	51	3
638	26	3
639	37	3
639	35	4
639	3	4
639	31	4
639	22	4
639	39	4
639	55	4
639	21	4
639	23	4
639	12	4
640	17	2
640	13	1
640	55	2
640	9	2
640	5	2
640	58	1
640	31	1
640	8	2
640	20	2
640	84	1
641	43	4
641	10	4
641	40	4
641	34	3
641	47	4
641	28	4
641	23	3
641	9	3
641	42	4
641	21	4
642	15	2
642	35	1
642	58	2
642	42	2
642	34	2
642	30	2
642	72	2
642	27	2
642	16	1
642	54	2
643	44	1
643	15	1
643	9	1
643	12	1
643	58	3
643	88	1
643	25	1
643	31	2
643	16	1
643	35	2
644	40	2
644	13	1
644	2	2
644	56	2
644	3	2
644	19	2
644	10	1
644	34	2
644	31	2
644	21	2
645	34	4
645	43	4
645	60	4
645	9	3
645	53	4
645	3	4
645	16	4
645	42	4
645	63	4
645	20	4
646	13	4
646	31	4
646	9	3
646	37	3
646	45	3
646	3	3
646	43	3
646	35	4
646	14	1
646	16	4
647	39	1
647	3	2
647	40	1
647	10	1
647	23	1
647	31	1
647	34	1
647	25	1
647	6	1
647	21	1
648	40	4
648	31	4
648	34	4
648	17	4
648	35	4
648	13	4
648	22	4
648	12	4
648	9	3
648	51	4
649	16	4
649	43	3
649	42	4
649	28	4
649	35	4
649	20	4
649	47	4
649	41	3
649	5	4
649	73	4
650	2	4
650	1	3
650	3	3
650	40	3
650	43	3
650	17	3
650	9	4
650	20	3
650	35	3
650	16	3
651	3	3
651	40	4
651	13	4
651	36	4
651	10	4
651	43	4
651	41	3
651	62	3
651	29	3
651	20	4
652	16	1
652	2	2
652	40	1
652	13	2
652	57	1
652	62	1
652	31	1
652	34	1
652	9	1
652	66	2
653	1	4
653	22	4
653	13	3
653	29	3
653	55	4
653	21	4
653	25	3
653	59	4
653	11	3
653	61	3
654	37	2
654	31	1
654	3	2
654	43	2
654	13	2
654	8	1
654	58	1
654	29	2
654	41	2
654	55	2
655	1	1
655	2	2
655	16	1
655	56	1
655	31	2
655	13	1
655	55	1
655	40	1
655	11	1
655	3	2
656	21	3
656	29	3
656	58	3
656	43	4
656	3	4
656	20	3
656	61	3
656	25	4
656	54	4
656	26	3
657	40	4
657	43	4
657	17	4
657	29	3
657	22	4
657	53	4
657	13	4
657	16	4
657	20	4
657	107	3
658	37	3
658	20	3
658	40	4
658	13	4
658	9	4
658	43	4
658	21	4
658	29	3
658	22	3
658	28	4
659	16	4
659	43	4
659	34	4
659	12	4
659	3	3
659	25	4
659	22	4
659	20	4
659	9	4
659	59	4
660	17	4
660	31	3
660	35	3
660	62	4
660	43	3
660	13	3
660	54	3
660	20	3
660	22	3
660	30	3
661	19	1
661	65	1
661	50	1
661	53	1
661	39	1
661	28	2
661	73	1
661	25	1
661	45	1
661	59	1
662	16	3
662	35	3
662	39	3
662	34	3
662	21	3
662	43	3
662	36	3
662	3	3
662	25	3
662	28	4
663	13	1
663	16	1
663	9	2
663	34	1
663	27	2
663	20	2
663	21	2
663	35	1
663	59	2
663	3	2
664	40	3
664	37	3
664	43	3
664	31	3
664	65	3
664	69	3
664	20	3
664	25	3
664	13	3
664	21	3
665	13	2
665	40	2
665	34	2
665	7	2
665	51	2
665	53	1
665	73	1
665	66	2
665	20	2
665	22	2
666	55	1
666	41	1
666	47	1
666	31	1
666	20	1
666	53	1
666	43	1
666	59	1
666	22	1
666	9	1
667	40	1
667	36	1
667	31	1
667	29	2
667	13	2
667	42	1
667	59	1
667	102	1
667	45	1
667	28	1
668	35	4
668	40	4
668	2	4
668	3	3
668	13	4
668	23	4
668	44	4
668	19	3
668	22	3
668	54	4
669	13	4
669	3	3
669	31	4
669	28	4
669	19	4
669	21	3
669	16	3
669	11	4
669	29	3
669	47	4
670	35	3
670	3	2
670	14	3
670	23	3
670	10	3
670	25	3
670	29	3
670	55	3
670	22	3
670	11	3
671	43	3
671	20	3
671	54	3
671	6	3
671	5	3
671	27	3
671	34	3
671	21	3
671	13	3
671	8	3
672	56	1
672	9	2
672	10	1
672	23	1
672	16	1
672	62	2
672	47	2
672	61	1
672	20	2
672	51	2
673	13	2
673	35	1
673	31	2
673	55	2
673	58	1
673	27	2
673	9	2
673	29	2
673	34	2
673	47	2
674	16	4
674	40	4
674	37	3
674	43	4
674	20	3
674	31	3
674	102	4
674	8	4
674	25	4
674	3	3
675	3	4
675	51	4
675	22	4
675	41	3
675	45	4
675	30	4
675	25	4
675	20	4
675	59	4
675	11	4
676	40	3
676	39	3
676	31	4
676	35	4
676	34	3
676	16	3
676	43	3
676	20	3
676	9	3
676	30	3
677	35	1
677	56	1
677	3	2
677	55	2
677	42	2
677	25	1
677	54	2
677	19	1
677	13	2
677	58	3
678	1	4
678	43	4
678	20	3
678	13	4
678	34	4
678	25	4
678	22	3
678	16	4
678	88	4
678	54	4
679	1	1
679	37	2
679	16	2
679	61	1
679	6	1
679	10	2
679	66	2
679	59	1
679	19	2
679	34	1
680	40	4
680	12	4
680	61	3
680	19	4
680	35	4
680	31	4
680	88	4
680	36	4
680	53	4
680	102	4
681	28	1
681	13	1
681	3	2
681	22	2
681	51	1
681	14	1
681	12	1
681	8	1
681	59	1
681	35	2
682	1	2
682	15	2
682	31	2
682	22	2
682	21	2
682	50	2
682	28	1
682	58	2
682	25	1
682	30	2
683	35	4
683	34	4
683	31	3
683	11	4
683	69	3
683	45	3
683	21	3
683	54	4
683	25	4
683	6	4
684	35	1
684	34	1
684	43	1
684	9	1
684	58	2
684	21	1
684	8	1
684	3	2
684	53	1
684	22	1
685	17	2
685	22	1
685	60	2
685	10	2
685	47	2
685	42	2
685	7	2
685	3	2
685	20	2
685	43	2
686	40	1
686	43	1
686	55	2
686	35	1
686	63	1
686	23	1
686	28	1
686	9	1
686	41	1
686	13	1
687	16	4
687	40	4
687	34	4
687	31	3
687	13	4
687	35	4
687	45	3
687	5	4
687	28	4
687	94	4
688	9	4
688	13	4
688	31	4
688	62	4
688	61	3
688	16	4
688	58	3
688	54	4
688	55	3
688	28	1
689	31	4
689	13	4
689	36	4
689	35	4
689	42	4
689	6	3
689	20	3
689	11	4
689	73	4
689	16	4
690	13	4
690	16	4
690	21	4
690	3	3
690	25	4
690	53	4
690	47	4
690	22	4
690	73	3
690	9	3
691	5	4
691	13	4
691	53	4
691	43	4
691	20	4
691	87	4
691	41	3
691	3	3
691	9	4
691	31	4
692	3	1
692	34	1
692	9	1
692	22	2
692	35	2
692	13	2
692	43	1
692	42	2
692	51	1
692	27	1
693	12	1
693	14	1
693	31	2
693	58	2
693	16	1
693	22	2
693	27	1
693	43	1
693	13	2
693	21	1
694	40	4
694	13	4
694	35	4
694	9	4
694	31	4
694	10	4
694	23	4
694	20	3
694	42	4
694	5	4
695	13	4
695	3	3
695	12	3
695	20	3
695	23	3
695	9	4
695	43	4
695	31	4
695	16	3
695	5	2
696	3	2
696	16	1
696	37	2
696	13	1
696	43	2
696	34	1
696	12	2
696	47	2
696	73	1
696	9	2
697	15	3
697	23	3
697	14	3
697	6	3
697	31	4
697	25	4
697	21	3
697	73	3
697	94	3
697	58	3
698	13	2
698	10	2
698	28	2
698	43	2
698	31	2
698	25	2
698	51	2
698	59	1
698	42	2
698	6	2
699	13	2
699	6	1
699	18	1
699	3	2
699	36	1
699	25	1
699	73	1
699	16	1
699	45	1
699	31	1
700	16	3
700	9	3
700	41	3
700	40	4
700	21	3
700	35	4
700	42	4
700	66	3
700	13	3
700	28	3
701	40	4
701	3	3
701	94	4
701	41	4
701	51	4
701	20	4
701	66	4
701	9	4
701	59	4
701	47	4
702	3	3
702	16	3
702	37	3
702	20	4
702	14	3
702	21	3
702	42	4
702	31	4
702	61	3
702	41	1
703	20	2
703	31	2
703	28	1
703	41	2
703	25	1
703	13	2
703	21	2
703	10	1
703	34	2
703	30	2
704	1	4
704	16	4
704	35	4
704	34	4
704	51	4
704	28	4
704	73	4
704	21	4
704	54	4
704	107	4
705	1	4
705	13	4
705	34	4
705	29	2
705	22	3
705	60	4
705	58	3
705	61	3
705	30	3
705	20	4
706	3	2
706	37	1
706	16	1
706	12	1
706	11	1
706	43	1
706	53	1
706	9	3
706	31	1
706	41	1
707	13	4
707	40	4
707	35	3
707	3	3
707	17	4
707	15	3
707	29	3
707	22	3
707	43	4
707	58	3
708	9	3
708	6	4
708	20	4
708	12	4
708	34	4
708	29	3
708	53	4
708	3	4
708	59	4
708	16	4
709	3	1
709	13	1
709	34	2
709	29	2
709	21	2
709	42	2
709	22	1
709	16	1
709	28	1
709	35	2
710	23	4
710	9	4
710	3	4
710	28	4
710	34	4
710	16	4
710	20	4
710	35	4
710	43	4
710	58	3
711	50	2
711	8	1
711	23	1
711	22	1
711	47	2
711	21	2
711	28	1
711	72	1
711	51	2
711	66	2
712	45	4
712	19	4
712	14	3
712	34	4
712	66	4
712	9	4
712	28	4
712	35	4
712	16	4
712	22	4
713	35	4
713	34	4
713	13	4
713	28	4
713	10	4
713	73	4
713	45	4
713	25	4
713	29	3
713	41	3
714	1	2
714	31	1
714	22	1
714	28	1
714	47	2
714	43	2
714	11	2
714	20	2
714	16	1
714	35	1
715	20	3
715	5	4
715	47	4
715	34	4
715	16	3
715	25	4
715	58	3
715	13	4
715	42	4
715	3	3
716	43	2
716	3	2
716	10	2
716	50	2
716	51	2
716	31	2
716	58	2
716	13	2
716	20	2
716	30	2
717	53	3
717	22	4
717	54	3
717	13	3
717	14	3
717	55	3
717	43	3
717	42	3
717	16	3
717	20	3
718	1	3
718	16	3
718	58	3
718	9	3
718	12	3
718	25	3
718	22	3
718	34	3
718	31	3
718	13	3
719	9	1
719	20	1
719	29	2
719	25	1
719	60	1
719	43	1
719	54	1
719	28	1
719	88	1
719	31	2
720	13	2
720	31	1
720	7	2
720	35	1
720	9	3
720	20	2
720	14	1
720	54	2
720	43	2
720	73	1
721	47	3
721	41	3
721	3	3
721	9	3
721	21	4
721	62	3
721	11	3
721	84	3
721	25	3
721	28	3
722	1	1
722	23	1
722	17	2
722	22	1
722	20	1
722	31	1
722	41	1
722	28	2
722	8	1
722	55	1
723	34	1
723	13	2
723	31	1
723	11	1
723	72	1
723	28	1
723	30	1
723	9	1
723	3	2
723	27	1
724	34	3
724	10	3
724	3	3
724	16	3
724	13	3
724	59	3
724	20	3
724	22	3
724	66	3
724	47	3
725	35	3
725	41	3
725	29	3
725	47	3
725	43	3
725	13	3
725	34	3
725	73	3
725	28	3
725	12	3
726	13	4
726	5	4
726	34	4
726	43	3
726	45	4
726	6	4
726	54	4
726	47	4
726	42	4
726	39	4
727	34	4
727	11	4
727	5	4
727	22	4
727	42	4
727	13	4
727	9	4
727	43	4
727	20	4
727	21	4
728	47	1
728	20	1
728	55	1
728	16	1
728	54	1
728	10	1
728	58	1
728	69	1
728	73	1
728	30	1
729	20	2
729	40	2
729	43	2
729	61	2
729	12	2
729	58	2
729	25	2
729	28	1
729	54	2
729	42	2
730	1	3
730	34	3
730	53	3
730	14	1
730	20	3
730	3	3
730	25	3
730	9	3
730	73	3
730	11	3
731	34	4
731	35	4
731	21	4
731	9	3
731	10	4
731	12	4
731	31	4
731	54	4
731	16	4
731	25	4
732	43	4
732	31	4
732	7	3
732	53	4
732	29	3
732	41	4
732	60	4
732	35	4
732	13	4
732	16	4
733	31	1
733	40	1
733	9	1
733	29	2
733	13	2
733	45	1
733	30	1
733	59	1
733	54	1
733	28	1
734	28	2
734	5	1
734	31	1
734	11	1
734	13	1
734	20	1
734	9	1
734	35	2
734	73	1
734	45	1
735	40	4
735	37	3
735	16	4
735	9	3
735	20	3
735	25	4
735	42	4
735	5	3
735	58	3
735	3	4
736	13	3
736	34	3
736	16	4
736	35	4
736	53	3
736	9	3
736	6	3
736	31	3
736	36	3
736	66	4
737	3	1
737	54	2
737	16	1
737	31	1
737	35	2
737	41	2
737	66	1
737	21	2
737	63	2
737	109	1
738	31	4
738	16	4
738	40	4
738	25	4
738	3	3
738	43	4
738	14	4
738	20	4
738	30	4
738	34	4
739	3	3
739	60	4
739	9	3
739	16	4
739	63	3
739	53	3
739	31	3
739	34	4
739	21	4
739	58	3
740	20	2
740	40	2
740	34	2
740	16	1
740	35	1
740	21	2
740	31	1
740	13	1
740	42	2
740	22	2
741	3	2
741	9	1
741	35	1
741	12	1
741	58	2
741	16	1
741	43	1
741	42	1
741	72	1
741	31	2
742	13	4
742	40	4
742	29	3
742	42	4
742	5	3
742	34	3
742	28	3
742	3	3
742	41	1
742	58	3
743	31	4
743	22	4
743	43	4
743	35	4
743	51	4
743	58	3
743	20	4
743	6	4
743	73	4
743	72	4
744	13	3
744	20	3
744	35	3
744	43	3
744	39	3
744	31	3
744	29	3
744	34	3
744	9	3
744	54	3
745	53	4
745	13	4
745	21	4
745	84	4
745	8	4
745	9	4
745	30	4
745	66	4
745	3	3
745	58	3
746	40	4
746	9	3
746	3	4
746	73	4
746	41	4
746	5	4
746	10	4
746	31	4
746	20	4
746	58	3
747	35	1
747	43	2
747	3	2
747	20	2
747	27	2
747	34	2
747	58	2
747	63	2
747	47	2
747	88	2
748	31	2
748	10	1
748	3	1
748	34	1
748	20	1
748	9	1
748	66	1
748	16	2
748	11	1
748	55	1
749	31	4
749	13	4
749	3	4
749	16	4
749	45	3
749	63	4
749	21	4
749	10	4
749	66	4
749	34	4
750	31	2
750	20	2
750	62	1
750	22	2
750	12	2
750	58	2
750	50	2
750	107	2
750	35	3
750	27	2
751	16	3
751	3	4
751	58	2
751	66	3
751	36	1
751	30	1
751	28	2
751	20	1
751	22	2
751	35	1
752	16	3
752	41	1
752	31	1
752	28	1
752	19	1
752	42	1
752	43	2
752	34	1
752	35	1
752	9	3
753	66	1
753	55	1
753	28	1
753	3	2
753	35	1
753	43	1
753	9	1
753	73	1
753	62	1
753	107	1
754	31	1
754	9	1
754	19	1
754	34	1
754	43	1
754	47	1
754	94	2
754	27	1
754	61	1
754	29	2
755	3	4
755	23	4
755	12	4
755	58	3
755	9	4
755	42	4
755	69	4
755	30	4
755	84	4
755	20	4
756	10	1
756	9	1
756	61	1
756	102	1
756	25	1
756	13	1
756	3	2
756	16	1
756	34	1
756	30	1
757	5	1
757	21	2
757	9	2
757	12	2
757	41	2
757	61	2
757	16	1
757	10	1
757	22	2
757	42	2
758	61	4
758	9	4
758	25	4
758	16	4
758	31	3
758	41	4
758	34	4
758	58	3
758	6	4
758	30	4
759	35	1
759	31	1
759	60	2
759	43	2
759	66	2
759	21	2
759	34	2
759	45	2
759	14	1
759	58	2
760	60	1
760	3	1
760	34	1
760	27	1
760	43	1
760	16	1
760	20	2
760	9	2
760	62	2
760	61	1
761	13	4
761	31	3
761	16	3
761	35	4
761	9	4
761	43	3
761	42	4
761	3	3
761	59	3
761	26	3
762	31	4
762	35	4
762	43	4
762	25	4
762	66	4
762	16	4
762	20	3
762	29	3
762	28	4
762	9	4
763	8	2
763	66	2
763	31	1
763	16	1
763	20	2
763	63	2
763	10	2
763	47	2
763	27	2
763	35	1
764	16	4
764	43	4
764	34	4
764	28	4
764	21	4
764	22	4
764	35	4
764	61	3
764	42	4
764	41	4
765	40	3
765	9	4
765	31	4
765	34	3
765	25	4
765	3	3
765	35	4
765	21	3
765	58	3
765	43	3
766	10	1
766	73	2
766	13	1
766	25	1
766	20	1
766	50	1
766	43	1
766	16	1
766	34	1
766	28	1
767	34	2
767	3	2
767	58	2
767	50	2
767	29	2
767	13	1
767	59	2
767	43	2
767	10	2
767	28	1
768	13	3
768	34	3
768	9	4
768	43	3
768	21	3
768	20	3
768	50	3
768	59	3
768	84	4
768	16	3
769	3	3
769	60	4
769	58	2
769	25	4
769	16	4
769	22	4
769	73	1
769	9	1
769	94	4
769	28	4
770	35	4
770	31	4
770	12	4
770	34	4
770	58	3
770	5	4
770	3	3
770	9	4
770	53	3
770	21	4
771	47	3
771	3	3
771	50	3
771	30	3
771	88	3
771	73	3
771	20	3
771	61	3
771	66	3
771	55	3
772	40	1
772	3	1
772	34	2
772	25	2
772	88	2
772	22	1
772	8	2
772	9	2
772	35	2
772	27	2
773	3	4
773	13	4
773	25	4
773	22	4
773	9	3
773	28	4
773	16	4
773	72	4
773	54	4
773	20	4
774	20	2
774	29	3
774	34	2
774	9	2
774	42	2
774	21	2
774	35	1
774	59	2
774	50	1
774	28	1
775	47	3
775	11	3
775	9	3
775	20	3
775	8	3
775	107	4
775	42	3
775	5	3
775	55	3
775	6	3
776	3	2
776	20	1
776	42	2
776	9	1
776	16	2
776	102	1
776	14	1
776	11	1
776	5	1
776	21	1
777	35	4
777	16	3
777	40	4
777	10	4
777	22	4
777	29	3
777	21	4
777	25	3
777	20	4
777	88	3
778	35	1
778	13	2
778	73	1
778	54	1
778	20	2
778	34	1
778	43	2
778	30	2
778	55	2
778	14	2
779	40	2
779	13	1
779	73	1
779	20	2
779	43	1
779	84	1
779	66	2
779	9	2
779	94	1
779	25	1
780	35	4
780	55	4
780	30	3
780	73	3
780	43	3
780	5	3
780	59	3
780	61	3
780	16	3
780	63	3
781	16	1
781	35	1
781	3	2
781	45	2
781	20	2
781	47	2
781	43	2
781	58	2
781	13	2
781	30	2
782	20	3
782	22	3
782	29	3
782	54	4
782	6	3
782	58	3
782	25	3
782	43	3
782	73	3
782	3	3
783	3	3
783	20	3
783	43	4
783	47	4
783	21	4
783	9	4
783	34	4
783	42	4
783	31	4
783	84	4
784	13	4
784	9	3
784	5	4
784	54	4
784	16	4
784	29	3
784	20	4
784	31	4
784	35	4
784	28	4
785	45	1
785	35	1
785	29	2
785	11	1
785	22	1
785	6	1
785	20	1
785	19	1
785	21	1
785	12	1
786	13	2
786	9	1
786	31	1
786	34	1
786	20	1
786	22	1
786	35	1
786	58	2
786	16	1
786	63	1
787	34	2
787	23	1
787	9	2
787	42	1
787	61	2
787	3	2
787	31	1
787	35	2
787	16	1
787	30	2
788	31	3
788	40	3
788	43	3
788	16	3
788	20	3
788	55	4
788	28	4
788	45	3
788	13	3
788	30	4
789	35	4
789	3	3
789	11	4
789	9	4
789	36	4
789	28	4
789	62	4
789	13	4
789	16	4
789	66	4
790	54	1
790	20	1
790	3	2
790	22	1
790	66	1
790	21	1
790	43	1
790	30	1
790	9	1
790	41	1
791	43	4
791	16	4
791	23	4
791	35	4
791	20	4
791	30	3
791	22	4
791	10	4
791	31	3
791	59	3
792	42	4
792	20	4
792	13	4
792	61	3
792	45	3
792	47	4
792	14	3
792	55	4
792	9	4
792	25	4
793	3	4
793	41	4
793	5	4
793	22	4
793	58	3
793	13	4
793	9	3
793	35	4
793	31	3
793	47	4
794	34	4
794	9	4
794	30	4
794	45	3
794	29	3
794	5	4
794	66	4
794	13	4
794	21	4
794	25	4
795	9	2
795	16	1
795	36	2
795	63	2
795	22	1
795	5	1
795	28	1
795	45	2
795	10	1
795	3	2
796	12	4
796	102	4
796	9	4
796	55	4
796	16	3
796	28	3
796	20	3
796	10	3
796	61	3
796	34	3
797	3	3
797	9	4
797	5	4
797	16	4
797	94	4
797	61	3
797	58	3
797	31	4
797	41	3
797	19	4
798	31	1
798	94	1
798	5	1
798	55	1
798	11	1
798	20	1
798	21	1
798	22	1
798	29	2
798	109	1
799	35	3
799	20	3
799	63	4
799	9	3
799	11	3
799	3	3
799	61	3
799	88	3
799	51	4
799	41	4
800	23	4
800	10	4
800	16	3
800	34	4
800	21	4
800	20	4
800	5	4
800	29	3
800	13	4
800	66	4
801	20	3
801	28	4
801	9	3
801	30	3
801	66	3
801	16	4
801	25	3
801	63	4
801	45	3
801	31	4
802	20	1
802	39	1
802	30	1
802	22	2
802	29	2
802	19	2
802	25	1
802	50	1
802	21	1
802	41	1
803	31	3
803	35	4
803	3	3
803	55	4
803	9	4
803	28	4
803	29	3
803	16	3
803	21	3
803	42	4
804	9	3
804	11	3
804	29	2
804	12	4
804	8	4
804	88	3
804	22	4
804	14	3
804	54	3
804	3	3
805	25	3
805	20	3
805	62	1
805	14	1
805	11	3
805	31	4
805	22	3
805	16	3
805	41	1
805	88	3
806	35	4
806	20	4
806	62	4
806	29	3
806	6	4
806	72	4
806	73	4
806	34	4
806	43	4
806	9	4
807	43	1
807	9	1
807	12	1
807	20	1
807	28	2
807	13	2
807	34	2
807	25	2
807	53	2
807	3	2
