1	1	2
1	2	2
1	3	2
1	4	1
1	5	2
1	6	2
1	7	2
1	8	1
1	9	2
1	10	2
2	1	1
2	2	1
2	3	1
2	4	1
2	5	1
2	6	2
2	7	1
2	8	1
2	9	2
2	10	2
3	1	2
3	2	1
3	3	2
3	4	1
3	5	1
3	6	1
3	7	2
3	8	2
3	9	2
3	10	2
4	1	2
4	2	2
4	3	2
4	4	2
4	5	2
4	6	1
4	7	2
4	8	2
4	9	2
4	10	2
5	1	2
5	2	1
5	3	1
5	4	1
5	5	2
5	6	1
5	7	1
5	8	2
5	9	2
5	10	1
6	1	2
6	2	2
6	3	2
6	4	2
6	5	2
6	6	2
6	7	2
6	8	2
6	9	2
6	10	2
7	1	1
7	2	1
7	3	1
7	4	1
7	5	1
7	6	1
7	7	1
7	8	2
7	9	2
7	10	2
8	1	2
8	2	1
8	3	2
8	4	2
8	5	2
8	6	2
8	7	2
8	8	2
8	9	2
8	10	1
9	1	2
9	2	1
9	3	1
9	4	1
9	5	1
9	6	2
9	7	2
9	8	2
9	9	2
9	10	2
10	1	2
10	2	2
10	3	2
10	4	2
10	5	2
10	6	2
10	7	2
10	8	1
10	9	2
10	10	2
11	1	1
11	2	1
11	3	2
11	4	1
11	5	1
11	6	2
11	7	1
11	8	2
11	9	1
11	10	1
12	1	1
12	2	1
12	3	1
12	4	1
12	5	1
12	6	1
12	7	1
12	8	2
12	9	2
12	10	1
13	1	2
13	2	2
13	3	2
13	4	2
13	5	2
13	6	1
13	7	2
13	8	2
13	9	2
13	10	2
14	1	1
14	2	1
14	3	1
14	4	1
14	5	1
14	6	1
14	7	1
14	8	2
14	9	2
14	10	1
15	1	1
15	2	1
15	3	1
15	4	1
15	5	1
15	6	1
15	7	1
15	8	2
15	9	1
15	10	2
16	1	2
16	2	2
16	3	2
16	4	2
16	5	2
16	6	2
16	7	2
16	8	2
16	9	1
16	10	1
17	1	2
17	2	2
17	3	2
17	4	2
17	5	2
17	6	1
17	7	2
17	8	2
17	9	2
17	10	2
18	1	2
18	2	2
18	3	1
18	4	2
18	5	2
18	6	2
18	7	2
18	8	2
18	9	2
18	10	2
19	1	1
19	2	1
19	3	1
19	4	1
19	5	1
19	6	2
19	7	1
19	8	2
19	9	2
19	10	2
20	1	2
20	2	2
20	3	1
20	4	1
20	5	1
20	6	2
20	7	1
20	8	2
20	9	1
20	10	2
21	4	1
21	9	2
21	10	2
21	11	1
21	12	1
21	13	1
21	14	1
21	15	1
21	16	2
21	17	1
22	4	1
22	9	2
22	10	2
22	11	1
22	12	1
22	13	1
22	14	2
22	15	1
22	16	1
22	17	1
23	4	2
23	9	2
23	10	2
23	11	1
23	12	2
23	13	1
23	14	2
23	15	1
23	16	1
23	17	2
24	4	1
24	9	1
24	10	2
24	11	1
24	12	1
24	13	1
24	14	1
24	15	1
24	16	2
24	17	1
25	4	1
25	9	2
25	10	2
25	11	1
25	12	1
25	13	1
25	14	1
25	15	1
25	16	2
25	17	2
26	4	2
26	9	2
26	10	2
26	11	2
26	12	2
26	13	1
26	14	1
26	15	2
26	16	1
26	17	2
27	4	1
27	9	2
27	10	2
27	11	1
27	12	1
27	13	1
27	14	1
27	15	1
27	16	2
27	17	1
28	4	1
28	9	2
28	10	2
28	11	1
28	12	1
28	13	1
28	14	1
28	15	1
28	16	1
28	17	1
29	4	1
29	9	1
29	10	2
29	11	1
29	12	1
29	13	1
29	14	1
29	15	1
29	16	2
29	17	1
30	4	2
30	9	2
30	10	1
30	11	2
30	12	2
30	13	1
30	14	2
30	15	2
30	16	2
30	17	1
31	4	1
31	9	2
31	10	2
31	11	1
31	12	1
31	13	1
31	14	1
31	15	1
31	16	1
31	17	2
32	4	2
32	9	2
32	10	2
32	11	1
32	12	1
32	13	1
32	14	1
32	15	2
32	16	1
32	17	2
33	4	2
33	9	2
33	10	2
33	11	2
33	12	2
33	13	2
33	14	2
33	15	2
33	16	2
33	17	2
34	4	2
34	9	2
34	10	2
34	11	2
34	12	2
34	13	2
34	14	2
34	15	2
34	16	2
34	17	2
35	4	1
35	9	2
35	10	2
35	11	1
35	12	1
35	13	1
35	14	1
35	15	1
35	16	1
35	17	1
36	4	1
36	9	2
36	10	2
36	11	1
36	12	1
36	13	1
36	14	2
36	15	1
36	16	1
36	17	1
37	4	2
37	9	2
37	10	2
37	11	2
37	12	1
37	13	1
37	14	2
37	15	2
37	16	1
37	17	2
38	4	1
38	9	2
38	10	2
38	11	1
38	12	1
38	13	1
38	14	1
38	15	1
38	16	2
38	17	1
39	4	1
39	9	2
39	10	2
39	11	2
39	12	1
39	13	2
39	14	2
39	15	2
39	16	1
39	17	2
40	4	2
40	9	2
40	10	2
40	11	2
40	12	2
40	13	2
40	14	2
40	15	2
40	16	2
40	17	2
41	2	1
41	4	1
41	6	1
41	9	2
41	10	1
41	18	2
41	19	2
41	20	2
41	21	1
41	22	2
42	2	1
42	4	1
42	6	2
42	9	2
42	10	2
42	18	2
42	19	2
42	20	1
42	21	1
42	22	2
43	2	1
43	4	1
43	6	1
43	9	1
43	10	2
43	18	2
43	19	1
43	20	1
43	21	2
43	22	1
44	2	1
44	4	2
44	6	2
44	9	2
44	10	2
44	18	2
44	19	2
44	20	1
44	21	2
44	22	2
45	2	1
45	4	2
45	6	2
45	9	1
45	10	2
45	18	2
45	19	2
45	20	1
45	21	2
45	22	2
46	2	1
46	4	2
46	6	1
46	9	2
46	10	1
46	18	1
46	19	2
46	20	2
46	21	1
46	22	1
47	2	1
47	4	1
47	6	1
47	9	2
47	10	2
47	18	2
47	19	2
47	20	1
47	21	1
47	22	2
48	2	2
48	4	2
48	6	2
48	9	2
48	10	2
48	18	2
48	19	2
48	20	2
48	21	2
48	22	2
49	2	2
49	4	2
49	6	1
49	9	2
49	10	2
49	18	2
49	19	2
49	20	2
49	21	2
49	22	2
50	2	2
50	4	2
50	6	2
50	9	2
50	10	2
50	18	2
50	19	2
50	20	2
50	21	1
50	22	2
51	2	1
51	4	2
51	6	2
51	9	2
51	10	2
51	18	2
51	19	2
51	20	2
51	21	1
51	22	1
52	2	2
52	4	2
52	6	1
52	9	1
52	10	1
52	18	2
52	19	2
52	20	2
52	21	2
52	22	2
53	2	2
53	4	2
53	6	2
53	9	2
53	10	2
53	18	1
53	19	2
53	20	1
53	21	2
53	22	2
54	2	1
54	4	1
54	6	1
54	9	2
54	10	2
54	18	2
54	19	1
54	20	1
54	21	1
54	22	1
55	2	1
55	4	1
55	6	2
55	9	2
55	10	2
55	18	1
55	19	2
55	20	1
55	21	2
55	22	1
56	2	2
56	4	1
56	6	2
56	9	2
56	10	1
56	18	2
56	19	2
56	20	2
56	21	2
56	22	2
57	2	2
57	4	2
57	6	2
57	9	2
57	10	2
57	18	2
57	19	2
57	20	2
57	21	2
57	22	2
58	2	2
58	4	2
58	6	2
58	9	2
58	10	2
58	18	2
58	19	2
58	20	2
58	21	1
58	22	2
59	2	2
59	4	1
59	6	1
59	9	2
59	10	2
59	18	2
59	19	2
59	20	1
59	21	1
59	22	2
60	2	1
60	4	2
60	6	2
60	9	2
60	10	2
60	18	2
60	19	2
60	20	1
60	21	1
60	22	2
61	6	1
61	8	2
61	9	2
61	10	2
61	23	2
61	24	2
61	25	1
61	26	1
61	27	2
61	28	2
62	6	2
62	8	2
62	9	2
62	10	1
62	23	1
62	24	2
62	25	2
62	26	2
62	27	2
62	28	2
63	6	1
63	8	2
63	9	2
63	10	2
63	23	1
63	24	1
63	25	1
63	26	1
63	27	1
63	28	1
64	6	1
64	8	2
64	9	2
64	10	2
64	23	1
64	24	1
64	25	1
64	26	1
64	27	2
64	28	1
65	6	1
65	8	2
65	9	2
65	10	2
65	23	1
65	24	1
65	25	1
65	26	2
65	27	1
65	28	1
66	6	2
66	8	2
66	9	2
66	10	2
66	23	2
66	24	2
66	25	2
66	26	2
66	27	2
66	28	2
67	6	1
67	8	2
67	9	2
67	10	1
67	23	1
67	24	1
67	25	1
67	26	1
67	27	1
67	28	1
68	6	2
68	8	1
68	9	2
68	10	2
68	23	1
68	24	2
68	25	2
68	26	1
68	27	2
68	28	2
69	6	1
69	8	2
69	9	2
69	10	1
69	23	1
69	24	1
69	25	1
69	26	1
69	27	1
69	28	1
70	6	2
70	8	2
70	9	2
70	10	2
70	23	1
70	24	2
70	25	2
70	26	2
70	27	2
70	28	2
71	6	1
71	8	2
71	9	2
71	10	1
71	23	1
71	24	1
71	25	1
71	26	1
71	27	1
71	28	1
72	6	2
72	8	1
72	9	2
72	10	1
72	23	1
72	24	1
72	25	1
72	26	1
72	27	1
72	28	1
73	6	1
73	8	2
73	9	2
73	10	2
73	23	1
73	24	1
73	25	1
73	26	1
73	27	1
73	28	1
74	6	2
74	8	2
74	9	2
74	10	2
74	23	2
74	24	1
74	25	1
74	26	1
74	27	1
74	28	1
75	6	2
75	8	2
75	9	2
75	10	2
75	23	2
75	24	1
75	25	2
75	26	2
75	27	2
75	28	2
76	6	2
76	8	2
76	9	2
76	10	2
76	23	1
76	24	2
76	25	2
76	26	2
76	27	2
76	28	2
77	6	2
77	8	2
77	9	2
77	10	2
77	23	1
77	24	1
77	25	1
77	26	1
77	27	1
77	28	1
78	6	1
78	8	2
78	9	2
78	10	2
78	23	2
78	24	2
78	25	2
78	26	2
78	27	2
78	28	2
79	6	2
79	8	2
79	9	2
79	10	2
79	23	2
79	24	1
79	25	1
79	26	1
79	27	1
79	28	1
80	6	1
80	8	2
80	9	2
80	10	2
80	23	2
80	24	2
80	25	2
80	26	2
80	27	2
80	28	2
81	2	2
81	6	2
81	7	2
81	8	2
81	9	2
81	10	2
81	11	2
81	16	1
81	29	1
81	30	1
82	2	1
82	6	2
82	7	2
82	8	2
82	9	2
82	10	1
82	11	1
82	16	2
82	29	1
82	30	1
83	2	1
83	6	2
83	7	1
83	8	2
83	9	2
83	10	2
83	11	1
83	16	1
83	29	2
83	30	1
84	2	1
84	6	2
84	7	1
84	8	2
84	9	2
84	10	2
84	11	1
84	16	1
84	29	1
84	30	1
85	2	2
85	6	2
85	7	2
85	8	2
85	9	1
85	10	2
85	11	2
85	16	2
85	29	2
85	30	2
86	2	2
86	6	1
86	7	2
86	8	1
86	9	1
86	10	2
86	11	2
86	16	2
86	29	2
86	30	2
87	2	1
87	6	2
87	7	1
87	8	2
87	9	2
87	10	1
87	11	1
87	16	2
87	29	1
87	30	1
88	2	2
88	6	1
88	7	1
88	8	2
88	9	1
88	10	1
88	11	1
88	16	2
88	29	1
88	30	1
89	2	2
89	6	2
89	7	2
89	8	2
89	9	2
89	10	2
89	11	2
89	16	2
89	29	2
89	30	2
90	2	2
90	6	2
90	7	2
90	8	2
90	9	2
90	10	1
90	11	2
90	16	2
90	29	2
90	30	2
91	2	2
91	6	1
91	7	1
91	8	1
91	9	2
91	10	2
91	11	2
91	16	1
91	29	2
91	30	2
92	2	1
92	6	1
92	7	1
92	8	2
92	9	2
92	10	1
92	11	1
92	16	1
92	29	1
92	30	1
93	2	2
93	6	1
93	7	1
93	8	2
93	9	1
93	10	2
93	11	1
93	16	2
93	29	1
93	30	1
94	2	2
94	6	1
94	7	2
94	8	2
94	9	2
94	10	1
94	11	2
94	16	2
94	29	2
94	30	2
95	2	2
95	6	2
95	7	2
95	8	1
95	9	1
95	10	1
95	11	2
95	16	1
95	29	1
95	30	1
96	2	2
96	6	2
96	7	2
96	8	2
96	9	2
96	10	2
96	11	2
96	16	2
96	29	2
96	30	2
97	2	1
97	6	2
97	7	1
97	8	1
97	9	2
97	10	2
97	11	1
97	16	2
97	29	1
97	30	1
98	2	1
98	6	2
98	7	1
98	8	2
98	9	2
98	10	2
98	11	1
98	16	1
98	29	1
98	30	1
99	2	1
99	6	1
99	7	1
99	8	1
99	9	2
99	10	2
99	11	1
99	16	2
99	29	1
99	30	1
100	2	2
100	6	2
100	7	2
100	8	2
100	9	1
100	10	2
100	11	2
100	16	2
100	29	2
100	30	2
101	2	2
101	6	2
101	8	2
101	9	2
101	10	1
101	16	2
101	31	2
101	32	2
101	33	2
101	34	2
102	2	1
102	6	2
102	8	2
102	9	2
102	10	2
102	16	1
102	31	1
102	32	1
102	33	1
102	34	1
103	2	2
103	6	2
103	8	2
103	9	1
103	10	2
103	16	2
103	31	2
103	32	2
103	33	2
103	34	2
104	2	1
104	6	2
104	8	2
104	9	2
104	10	1
104	16	2
104	31	1
104	32	1
104	33	1
104	34	1
105	2	2
105	6	1
105	8	2
105	9	2
105	10	2
105	16	2
105	31	2
105	32	2
105	33	2
105	34	2
106	2	1
106	6	2
106	8	2
106	9	2
106	10	2
106	16	2
106	31	1
106	32	1
106	33	1
106	34	1
107	2	1
107	6	1
107	8	2
107	9	1
107	10	2
107	16	1
107	31	1
107	32	2
107	33	1
107	34	1
108	2	1
108	6	1
108	7	1
108	9	1
108	10	2
108	35	1
108	36	1
108	37	1
108	38	1
108	39	1
109	2	1
109	6	1
109	7	1
109	9	2
109	10	2
109	35	1
109	36	1
109	37	1
109	38	1
109	39	1
110	2	2
110	6	1
110	7	2
110	9	1
110	10	1
110	35	2
110	36	1
110	37	1
110	38	2
110	39	2
111	2	2
111	6	2
111	7	2
111	9	2
111	10	2
111	35	2
111	36	2
111	37	2
111	38	2
111	39	2
112	2	2
112	6	1
112	7	2
112	9	2
112	10	1
112	35	2
112	36	2
112	37	2
112	38	2
112	39	2
113	2	2
113	6	2
113	7	2
113	9	2
113	10	2
113	35	2
113	36	2
113	37	2
113	38	2
113	39	2
114	2	2
114	6	2
114	7	2
114	9	2
114	10	2
114	35	2
114	36	2
114	37	2
114	38	2
114	39	2
115	2	1
115	6	1
115	7	2
115	9	1
115	10	2
115	35	1
115	36	1
115	37	1
115	38	1
115	39	1
116	2	1
116	6	1
116	7	1
116	9	2
116	10	1
116	35	1
116	36	1
116	37	1
116	38	1
116	39	2
117	2	2
117	6	2
117	7	2
117	9	1
117	10	2
117	35	2
117	36	1
117	37	2
117	38	2
117	39	2
118	2	2
118	6	2
118	7	2
118	9	2
118	10	2
118	35	2
118	36	2
118	37	2
118	38	2
118	39	2
119	2	1
119	6	1
119	7	1
119	9	2
119	10	1
119	35	1
119	36	1
119	37	1
119	38	1
119	39	2
120	2	1
120	6	1
120	7	1
120	9	2
120	10	2
120	35	1
120	36	1
120	37	1
120	38	1
120	39	2
121	2	1
121	6	1
121	7	1
121	9	1
121	10	2
121	35	1
121	36	1
121	37	1
121	38	1
121	39	1
122	2	2
122	6	2
122	7	2
122	9	2
122	10	2
122	35	2
122	36	2
122	37	1
122	38	1
122	39	2
123	2	1
123	6	2
123	7	2
123	9	2
123	10	2
123	35	1
123	36	1
123	37	2
123	38	1
123	39	2
124	2	1
124	6	1
124	7	1
124	9	2
124	10	1
124	35	1
124	36	1
124	37	1
124	38	1
124	39	1
125	2	1
125	6	1
125	7	1
125	9	2
125	10	2
125	35	1
125	36	1
125	37	1
125	38	1
125	39	1
126	2	1
126	6	2
126	7	1
126	9	2
126	10	2
126	35	1
126	36	1
126	37	1
126	38	1
126	39	1
127	2	1
127	6	1
127	7	2
127	9	2
127	10	2
127	35	1
127	36	1
127	37	2
127	38	1
127	39	2
128	6	2
128	8	2
128	9	2
128	10	2
128	15	1
128	21	1
128	40	2
128	41	2
128	42	1
128	43	2
129	6	2
129	8	2
129	9	2
129	10	2
129	15	1
129	21	1
129	40	1
129	41	1
129	42	1
129	43	1
130	6	1
130	8	2
130	9	2
130	10	2
130	15	1
130	21	1
130	40	1
130	41	1
130	42	1
130	43	2
131	6	2
131	8	2
131	9	2
131	10	2
131	15	2
131	21	2
131	40	2
131	41	2
131	42	2
131	43	2
132	6	2
132	8	2
132	9	2
132	10	2
132	15	1
132	21	1
132	40	2
132	41	2
132	42	2
132	43	2
133	6	2
133	8	2
133	9	2
133	10	2
133	15	2
133	21	2
133	40	2
133	41	2
133	42	2
133	43	2
134	6	1
134	8	2
134	9	2
134	10	1
134	15	2
134	21	2
134	40	2
134	41	2
134	42	2
134	43	2
135	6	1
135	8	1
135	9	2
135	10	2
135	15	1
135	21	1
135	40	1
135	41	1
135	42	1
135	43	1
136	6	2
136	8	2
136	9	2
136	10	2
136	15	2
136	21	2
136	40	2
136	41	2
136	42	2
136	43	2
137	6	2
137	8	2
137	9	2
137	10	2
137	15	2
137	21	2
137	40	2
137	41	2
137	42	2
137	43	2
138	6	2
138	8	2
138	9	2
138	10	2
138	15	1
138	21	1
138	40	2
138	41	2
138	42	2
138	43	2
139	6	2
139	8	2
139	9	2
139	10	2
139	15	1
139	21	1
139	40	1
139	41	1
139	42	1
139	43	1
140	6	1
140	8	2
140	9	2
140	10	2
140	15	1
140	21	2
140	40	1
140	41	1
140	42	1
140	43	1
141	6	1
141	8	2
141	9	2
141	10	2
141	15	1
141	21	1
141	40	1
141	41	1
141	42	1
141	43	1
142	6	1
142	8	2
142	9	2
142	10	2
142	15	1
142	21	1
142	40	1
142	41	1
142	42	1
142	43	1
143	6	2
143	8	2
143	9	2
143	10	1
143	15	2
143	21	2
143	40	2
143	41	2
143	42	2
143	43	2
144	6	2
144	8	2
144	9	2
144	10	2
144	15	2
144	21	1
144	40	2
144	41	1
144	42	2
144	43	2
145	6	1
145	8	2
145	9	2
145	10	2
145	15	1
145	21	1
145	40	1
145	41	1
145	42	1
145	43	1
146	6	2
146	8	2
146	9	2
146	10	1
146	15	2
146	21	2
146	40	2
146	41	2
146	42	1
146	43	2
147	6	1
147	8	2
147	9	2
147	10	2
147	15	2
147	21	1
147	40	1
147	41	1
147	42	1
147	43	2
148	2	1
148	6	2
148	8	2
148	9	2
148	10	1
148	16	2
148	24	1
148	44	2
148	45	2
148	46	1
149	2	1
149	6	1
149	8	1
149	9	2
149	10	2
149	16	2
149	24	1
149	44	2
149	45	2
149	46	2
150	2	1
150	6	2
150	8	1
150	9	2
150	10	2
150	16	2
150	24	1
150	44	1
150	45	1
150	46	1
151	2	1
151	6	2
151	8	1
151	9	2
151	10	1
151	16	2
151	24	1
151	44	1
151	45	1
151	46	1
152	2	2
152	6	1
152	8	2
152	9	2
152	10	2
152	16	2
152	24	1
152	44	2
152	45	2
152	46	1
153	2	2
153	6	2
153	8	2
153	9	2
153	10	2
153	16	1
153	24	1
153	44	2
153	45	2
153	46	1
154	2	2
154	6	2
154	8	1
154	9	2
154	10	2
154	16	1
154	24	2
154	44	2
154	45	2
154	46	2
155	2	1
155	6	2
155	8	1
155	9	2
155	10	2
155	16	2
155	24	2
155	44	2
155	45	2
155	46	2
156	2	1
156	6	2
156	8	1
156	9	2
156	10	2
156	16	1
156	24	1
156	44	2
156	45	1
156	46	1
157	2	1
157	6	2
157	8	2
157	9	2
157	10	2
157	16	1
157	24	1
157	44	1
157	45	1
157	46	1
158	2	2
158	6	2
158	8	2
158	9	2
158	10	2
158	16	2
158	24	1
158	44	2
158	45	2
158	46	2
159	2	2
159	6	2
159	8	1
159	9	2
159	10	2
159	16	2
159	24	2
159	44	2
159	45	2
159	46	2
160	2	2
160	6	2
160	8	1
160	9	2
160	10	2
160	16	1
160	24	1
160	44	1
160	45	2
160	46	1
161	2	2
161	6	2
161	8	2
161	9	1
161	10	1
161	16	1
161	24	2
161	44	2
161	45	1
161	46	2
162	2	2
162	6	2
162	8	2
162	9	2
162	10	2
162	16	2
162	24	2
162	44	2
162	45	2
162	46	2
163	2	1
163	6	2
163	8	1
163	9	2
163	10	1
163	16	2
163	24	1
163	44	1
163	45	1
163	46	2
164	2	2
164	6	2
164	8	2
164	9	2
164	10	2
164	16	2
164	24	2
164	44	2
164	45	1
164	46	2
165	2	2
165	6	2
165	8	1
165	9	2
165	10	2
165	16	1
165	24	2
165	44	2
165	45	2
165	46	2
166	2	1
166	6	1
166	8	1
166	9	2
166	10	2
166	16	2
166	24	1
166	44	2
166	45	1
166	46	2
167	2	2
167	6	2
167	8	2
167	9	2
167	10	1
167	16	1
167	24	2
167	44	2
167	45	2
167	46	2
168	2	1
168	6	2
168	8	2
168	9	2
168	10	2
168	15	1
168	47	1
168	48	1
168	49	2
168	50	1
169	2	2
169	6	1
169	8	2
169	9	2
169	10	2
169	15	1
169	47	1
169	48	1
169	49	2
169	50	1
170	2	1
170	6	2
170	8	1
170	9	2
170	10	2
170	15	1
170	47	1
170	48	1
170	49	2
170	50	1
171	2	1
171	6	2
171	8	2
171	9	2
171	10	2
171	15	1
171	47	1
171	48	2
171	49	2
171	50	1
172	2	1
172	6	2
172	8	2
172	9	2
172	10	2
172	15	2
172	47	1
172	48	2
172	49	2
172	50	2
173	2	2
173	6	2
173	8	2
173	9	2
173	10	2
173	15	1
173	47	1
173	48	2
173	49	2
173	50	1
174	2	1
174	6	2
174	8	2
174	9	2
174	10	2
174	15	1
174	47	1
174	48	1
174	49	2
174	50	1
175	2	2
175	6	2
175	8	2
175	9	2
175	10	2
175	15	1
175	47	2
175	48	2
175	49	2
175	50	2
176	2	1
176	6	2
176	8	2
176	9	1
176	10	2
176	15	1
176	47	2
176	48	1
176	49	1
176	50	1
177	2	2
177	6	2
177	8	2
177	9	2
177	10	2
177	15	2
177	47	2
177	48	2
177	49	2
177	50	2
178	2	1
178	6	1
178	8	2
178	9	2
178	10	2
178	15	1
178	47	1
178	48	1
178	49	1
178	50	2
179	2	2
179	6	1
179	8	2
179	9	1
179	10	2
179	15	2
179	47	1
179	48	2
179	49	2
179	50	1
180	2	1
180	6	2
180	8	2
180	9	1
180	10	2
180	15	1
180	47	1
180	48	1
180	49	2
180	50	1
181	2	1
181	6	1
181	8	2
181	9	2
181	10	2
181	15	1
181	47	1
181	48	1
181	49	2
181	50	1
182	2	1
182	6	1
182	8	2
182	9	1
182	10	2
182	15	1
182	47	1
182	48	1
182	49	2
182	50	1
183	2	2
183	6	2
183	8	2
183	9	2
183	10	1
183	15	1
183	47	2
183	48	2
183	49	2
183	50	2
184	2	2
184	6	2
184	8	2
184	9	2
184	10	1
184	15	2
184	47	2
184	48	2
184	49	2
184	50	2
185	2	1
185	6	2
185	8	2
185	9	2
185	10	2
185	15	1
185	47	1
185	48	1
185	49	2
185	50	1
186	2	1
186	6	1
186	8	2
186	9	2
186	10	2
186	15	2
186	47	1
186	48	2
186	49	2
186	50	1
187	2	2
187	6	2
187	8	1
187	9	2
187	10	1
187	15	2
187	47	2
187	48	2
187	49	2
187	50	2
188	6	2
188	8	1
188	9	2
188	10	2
188	11	1
188	16	2
188	51	1
188	52	2
188	53	1
188	54	1
189	6	1
189	8	1
189	9	2
189	10	2
189	11	2
189	16	2
189	51	2
189	52	2
189	53	2
189	54	2
190	6	1
190	8	2
190	9	1
190	10	1
190	11	1
190	16	1
190	51	1
190	52	1
190	53	1
190	54	1
191	6	2
191	8	1
191	9	2
191	10	2
191	11	2
191	16	1
191	51	2
191	52	2
191	53	2
191	54	2
192	6	2
192	8	2
192	9	2
192	10	2
192	11	2
192	16	2
192	51	2
192	52	2
192	53	2
192	54	2
193	6	2
193	8	2
193	9	2
193	10	2
193	11	2
193	16	2
193	51	2
193	52	2
193	53	2
193	54	2
194	6	2
194	8	2
194	9	2
194	10	2
194	11	1
194	16	2
194	51	1
194	52	1
194	53	1
194	54	1
195	6	2
195	8	2
195	9	2
195	10	2
195	11	2
195	16	1
195	51	1
195	52	1
195	53	1
195	54	1
196	6	2
196	8	2
196	9	1
196	10	1
196	11	2
196	16	2
196	51	1
196	52	2
196	53	1
196	54	1
197	6	2
197	8	2
197	9	1
197	10	2
197	11	2
197	16	1
197	51	1
197	52	2
197	53	2
197	54	2
198	6	2
198	8	2
198	9	1
198	10	2
198	11	2
198	16	2
198	51	2
198	52	2
198	53	2
198	54	2
199	6	2
199	8	2
199	9	2
199	10	2
199	11	2
199	16	2
199	51	2
199	52	2
199	53	2
199	54	2
200	6	2
200	8	2
200	9	1
200	10	2
200	11	1
200	16	2
200	51	1
200	52	1
200	53	1
200	54	1
201	6	2
201	8	1
201	9	2
201	10	2
201	11	2
201	16	1
201	51	1
201	52	1
201	53	2
201	54	2
202	6	2
202	8	1
202	9	2
202	10	2
202	11	2
202	16	2
202	51	1
202	52	2
202	53	2
202	54	2
203	6	2
203	8	2
203	9	2
203	10	2
203	11	1
203	16	2
203	51	1
203	52	1
203	53	1
203	54	1
204	6	2
204	8	1
204	9	1
204	10	1
204	11	1
204	16	2
204	51	2
204	52	2
204	53	2
204	54	1
205	6	2
205	8	2
205	9	2
205	10	2
205	11	2
205	16	1
205	51	2
205	52	2
205	53	2
205	54	2
206	6	1
206	8	2
206	9	2
206	10	2
206	11	2
206	16	2
206	51	2
206	52	2
206	53	2
206	54	2
207	6	2
207	8	2
207	9	2
207	10	1
207	11	2
207	16	1
207	51	1
207	52	2
207	53	2
207	54	2
208	8	2
208	9	2
208	10	1
208	21	1
208	55	2
208	56	2
208	57	2
208	58	2
208	59	2
208	60	2
209	4	1
209	8	2
209	9	2
209	10	2
209	54	1
209	61	1
209	62	1
209	63	1
209	64	1
209	65	1
210	4	2
210	8	2
210	9	2
210	10	2
210	54	2
210	61	1
210	62	2
210	63	1
210	64	2
210	65	2
211	4	1
211	8	2
211	9	2
211	10	1
211	54	1
211	61	2
211	62	1
211	63	1
211	64	1
211	65	1
212	4	2
212	6	2
212	9	2
212	10	2
212	66	2
212	67	1
212	68	1
212	69	2
212	70	2
212	71	2
213	4	2
213	6	2
213	9	2
213	10	2
213	66	2
213	67	2
213	68	2
213	69	2
213	70	1
213	71	2
214	4	2
214	6	2
214	9	2
214	10	2
214	66	2
214	67	2
214	68	1
214	69	1
214	70	1
214	71	2
215	4	2
215	6	1
215	9	2
215	10	2
215	66	2
215	67	2
215	68	2
215	69	2
215	70	2
215	71	2
216	4	1
216	6	1
216	9	2
216	10	1
216	66	1
216	67	1
216	68	1
216	69	2
216	70	1
216	71	1
217	4	1
217	6	1
217	9	2
217	10	1
217	66	1
217	67	1
217	68	1
217	69	2
217	70	1
217	71	1
218	4	2
218	6	2
218	9	2
218	10	2
218	66	2
218	67	2
218	68	2
218	69	2
218	70	2
218	71	2
219	4	2
219	6	2
219	9	2
219	10	2
219	66	2
219	67	2
219	68	2
219	69	2
219	70	2
219	71	2
220	4	2
220	6	1
220	9	2
220	10	1
220	66	2
220	67	2
220	68	1
220	69	1
220	70	2
220	71	2
221	4	2
221	6	2
221	9	2
221	10	1
221	66	2
221	67	2
221	68	2
221	69	2
221	70	2
221	71	2
222	4	1
222	6	2
222	9	2
222	10	2
222	66	1
222	67	1
222	68	1
222	69	1
222	70	1
222	71	1
223	4	2
223	6	1
223	9	2
223	10	2
223	66	1
223	67	1
223	68	1
223	69	2
223	70	1
223	71	1
224	4	2
224	6	2
224	9	1
224	10	2
224	66	2
224	67	2
224	68	2
224	69	2
224	70	1
224	71	2
225	4	1
225	6	2
225	9	1
225	10	2
225	66	1
225	67	1
225	68	1
225	69	1
225	70	1
225	71	1
226	4	2
226	6	2
226	9	1
226	10	2
226	66	2
226	67	2
226	68	2
226	69	2
226	70	2
226	71	2
227	4	1
227	6	1
227	9	2
227	10	2
227	66	1
227	67	1
227	68	1
227	69	1
227	70	1
227	71	1
228	4	2
228	6	2
228	9	2
228	10	2
228	66	2
228	67	2
228	68	2
228	69	2
228	70	2
228	71	2
229	4	1
229	6	1
229	9	2
229	10	2
229	66	1
229	67	1
229	68	1
229	69	1
229	70	1
229	71	1
230	4	1
230	6	1
230	9	2
230	10	1
230	66	1
230	67	1
230	68	1
230	69	2
230	70	1
230	71	1
231	4	1
231	6	1
231	9	2
231	10	2
231	66	1
231	67	1
231	68	1
231	69	1
231	70	1
231	71	1
232	2	1
232	4	1
232	6	1
232	9	2
232	10	2
232	16	2
232	72	1
232	73	1
232	74	2
232	75	1
233	2	2
233	4	2
233	6	1
233	9	2
233	10	2
233	16	2
233	72	2
233	73	2
233	74	2
233	75	2
234	2	2
234	4	2
234	6	2
234	9	2
234	10	2
234	16	2
234	72	2
234	73	2
234	74	2
234	75	1
235	2	1
235	4	1
235	6	1
235	9	2
235	10	1
235	16	1
235	72	2
235	73	2
235	74	1
235	75	1
236	2	1
236	4	1
236	6	1
236	9	2
236	10	1
236	16	1
236	72	2
236	73	2
236	74	1
236	75	1
237	2	1
237	4	1
237	6	2
237	9	2
237	10	2
237	16	2
237	72	1
237	73	1
237	74	1
237	75	1
238	2	2
238	4	2
238	6	2
238	9	1
238	10	2
238	16	2
238	72	2
238	73	1
238	74	2
238	75	2
239	2	2
239	4	2
239	6	2
239	9	2
239	10	2
239	16	2
239	72	2
239	73	2
239	74	2
239	75	2
240	2	2
240	4	2
240	6	2
240	9	2
240	10	2
240	16	2
240	72	2
240	73	2
240	74	1
240	75	2
241	2	1
241	4	1
241	6	1
241	9	2
241	10	1
241	16	1
241	72	1
241	73	1
241	74	1
241	75	1
242	2	1
242	4	1
242	6	1
242	9	1
242	10	2
242	16	1
242	72	1
242	73	1
242	74	1
242	75	1
243	2	1
243	4	1
243	6	1
243	9	2
243	10	2
243	16	2
243	72	1
243	73	1
243	74	1
243	75	1
244	2	2
244	4	2
244	6	2
244	9	2
244	10	1
244	16	2
244	72	2
244	73	2
244	74	2
244	75	2
245	2	2
245	4	2
245	6	2
245	9	2
245	10	2
245	16	2
245	72	2
245	73	2
245	74	2
245	75	2
246	2	1
246	4	2
246	6	2
246	9	2
246	10	2
246	16	2
246	72	2
246	73	2
246	74	1
246	75	2
247	2	2
247	4	2
247	6	2
247	9	1
247	10	2
247	16	1
247	72	2
247	73	2
247	74	2
247	75	2
248	2	1
248	4	1
248	6	1
248	9	2
248	10	2
248	16	2
248	72	1
248	73	1
248	74	1
248	75	1
249	2	1
249	4	1
249	6	1
249	9	2
249	10	2
249	16	2
249	72	2
249	73	2
249	74	1
249	75	2
250	2	1
250	4	2
250	6	1
250	9	2
250	10	2
250	16	1
250	72	2
250	73	2
250	74	2
250	75	2
251	2	1
251	4	1
251	6	1
251	9	2
251	10	2
251	16	2
251	72	1
251	73	1
251	74	1
251	75	1
252	2	1
252	6	2
252	9	2
252	10	1
252	11	1
252	76	1
252	77	1
252	78	1
252	79	2
252	80	1
253	2	2
253	6	2
253	9	2
253	10	2
253	11	2
253	76	1
253	77	2
253	78	1
253	79	2
253	80	2
254	2	2
254	6	2
254	9	2
254	10	2
254	11	2
254	76	2
254	77	2
254	78	2
254	79	2
254	80	2
255	2	2
255	6	2
255	9	1
255	10	2
255	11	1
255	76	2
255	77	2
255	78	2
255	79	2
255	80	2
256	2	2
256	6	2
256	9	2
256	10	2
256	11	1
256	76	2
256	77	1
256	78	1
256	79	2
256	80	2
257	2	2
257	6	2
257	9	2
257	10	2
257	11	2
257	76	2
257	77	1
257	78	2
257	79	2
257	80	2
258	2	1
258	6	2
258	9	1
258	10	2
258	11	1
258	76	1
258	77	2
258	78	1
258	79	2
258	80	2
259	2	2
259	6	2
259	9	2
259	10	2
259	11	2
259	76	2
259	77	1
259	78	2
259	79	2
259	80	2
260	2	1
260	6	1
260	9	1
260	10	2
260	11	1
260	76	1
260	77	2
260	78	1
260	79	1
260	80	1
261	2	1
261	6	2
261	9	2
261	10	2
261	11	1
261	76	1
261	77	2
261	78	1
261	79	2
261	80	1
262	2	2
262	6	1
262	9	1
262	10	2
262	11	2
262	76	1
262	77	2
262	78	2
262	79	1
262	80	2
263	2	1
263	6	2
263	9	2
263	10	2
263	11	1
263	76	1
263	77	1
263	78	1
263	79	1
263	80	1
264	2	1
264	6	2
264	9	2
264	10	2
264	11	2
264	76	2
264	77	2
264	78	2
264	79	2
264	80	2
265	2	2
265	6	2
265	9	1
265	10	2
265	11	1
265	76	2
265	77	2
265	78	2
265	79	2
265	80	2
266	2	1
266	6	1
266	9	2
266	10	2
266	11	1
266	76	1
266	77	1
266	78	1
266	79	1
266	80	2
267	2	1
267	6	2
267	9	1
267	10	2
267	11	1
267	76	1
267	77	1
267	78	2
267	79	1
267	80	2
268	2	1
268	6	2
268	9	2
268	10	2
268	11	1
268	76	1
268	77	2
268	78	1
268	79	1
268	80	1
269	2	1
269	6	2
269	9	2
269	10	2
269	11	1
269	76	1
269	77	2
269	78	2
269	79	2
269	80	2
270	2	2
270	6	2
270	9	2
270	10	1
270	11	2
270	76	2
270	77	2
270	78	2
270	79	2
270	80	2
271	2	2
271	6	2
271	9	2
271	10	2
271	11	2
271	76	1
271	77	2
271	78	2
271	79	2
271	80	2
272	2	1
272	4	1
272	6	2
272	8	1
272	9	2
272	10	2
272	81	1
272	82	1
272	83	2
272	84	2
273	2	1
273	4	1
273	6	1
273	8	2
273	9	1
273	10	2
273	81	2
273	82	1
273	83	1
273	84	1
274	2	2
274	4	2
274	6	2
274	8	2
274	9	2
274	10	2
274	81	2
274	82	1
274	83	2
274	84	2
275	2	1
275	4	1
275	6	1
275	8	2
275	9	2
275	10	2
275	81	2
275	82	1
275	83	2
275	84	2
276	2	1
276	4	1
276	6	2
276	8	2
276	9	2
276	10	2
276	81	1
276	82	1
276	83	1
276	84	1
277	2	1
277	4	1
277	6	2
277	8	2
277	9	2
277	10	2
277	81	1
277	82	1
277	83	2
277	84	1
278	2	1
278	4	2
278	6	2
278	8	2
278	9	2
278	10	1
278	81	2
278	82	1
278	83	1
278	84	2
279	2	1
279	4	1
279	6	2
279	8	2
279	9	2
279	10	2
279	81	1
279	82	1
279	83	1
279	84	2
280	2	2
280	4	2
280	6	2
280	8	2
280	9	2
280	10	2
280	81	2
280	82	2
280	83	2
280	84	2
281	2	2
281	4	2
281	6	1
281	8	2
281	9	1
281	10	2
281	81	2
281	82	1
281	83	2
281	84	1
282	2	2
282	4	2
282	6	2
282	8	2
282	9	1
282	10	1
282	81	2
282	82	2
282	83	2
282	84	2
283	2	2
283	4	2
283	6	1
283	8	2
283	9	2
283	10	2
283	81	2
283	82	1
283	83	2
283	84	2
284	2	1
284	4	2
284	6	1
284	8	2
284	9	2
284	10	2
284	81	1
284	82	1
284	83	2
284	84	2
285	2	2
285	4	2
285	6	2
285	8	2
285	9	2
285	10	2
285	81	1
285	82	1
285	83	2
285	84	1
286	2	1
286	4	2
286	6	1
286	8	2
286	9	2
286	10	2
286	81	2
286	82	1
286	83	2
286	84	2
287	2	2
287	6	2
287	8	2
287	9	1
287	10	2
287	16	2
287	31	2
287	32	2
287	33	2
287	34	2
288	2	1
288	6	2
288	8	2
288	9	2
288	10	1
288	16	1
288	31	1
288	32	1
288	33	1
288	34	1
289	2	1
289	6	2
289	8	2
289	9	2
289	10	2
289	16	2
289	31	1
289	32	1
289	33	1
289	34	1
290	2	1
290	6	1
290	8	2
290	9	2
290	10	2
290	16	1
290	31	1
290	32	1
290	33	2
290	34	1
291	2	1
291	6	2
291	8	2
291	9	2
291	10	2
291	16	2
291	31	1
291	32	1
291	33	1
291	34	1
292	2	2
292	6	1
292	8	2
292	9	2
292	10	1
292	16	2
292	31	2
292	32	2
292	33	2
292	34	2
293	2	2
293	6	2
293	8	2
293	9	2
293	10	2
293	16	2
293	31	1
293	32	2
293	33	2
293	34	2
294	2	1
294	6	2
294	8	2
294	9	2
294	10	2
294	16	2
294	31	1
294	32	2
294	33	2
294	34	1
295	2	2
295	6	1
295	8	1
295	9	2
295	10	2
295	16	2
295	31	2
295	32	2
295	33	1
295	34	2
296	2	1
296	6	2
296	8	2
296	9	1
296	10	2
296	16	1
296	31	1
296	32	1
296	33	1
296	34	1
297	2	2
297	6	2
297	8	2
297	9	2
297	10	2
297	16	1
297	31	2
297	32	2
297	33	2
297	34	2
298	2	2
298	6	2
298	8	2
298	9	2
298	10	1
298	16	2
298	31	2
298	32	2
298	33	2
298	34	2
299	2	2
299	6	2
299	8	2
299	9	2
299	10	2
299	16	2
299	31	1
299	32	2
299	33	1
299	34	1
300	2	1
300	4	1
300	6	1
300	8	2
300	9	2
300	10	2
300	81	2
300	82	2
300	83	2
300	84	2
301	2	2
301	4	2
301	6	2
301	8	2
301	9	2
301	10	2
301	81	2
301	82	2
301	83	2
301	84	2
302	2	2
302	4	1
302	6	2
302	8	2
302	9	2
302	10	2
302	81	1
302	82	1
302	83	2
302	84	1
303	2	2
303	4	2
303	6	2
303	8	2
303	9	2
303	10	2
303	81	2
303	82	1
303	83	2
303	84	2
304	2	2
304	4	2
304	6	1
304	8	2
304	9	2
304	10	2
304	81	2
304	82	2
304	83	2
304	84	1
305	6	2
305	8	2
305	9	2
305	10	2
305	16	1
305	45	1
305	85	2
305	86	2
305	87	2
305	88	2
306	6	2
306	8	2
306	9	2
306	10	2
306	16	1
306	45	2
306	85	1
306	86	1
306	87	2
306	88	2
307	6	2
307	8	2
307	9	2
307	10	2
307	16	2
307	45	1
307	85	1
307	86	1
307	87	2
307	88	2
308	6	1
308	8	2
308	9	2
308	10	2
308	16	2
308	45	2
308	85	2
308	86	2
308	87	2
308	88	2
309	6	1
309	8	2
309	9	2
309	10	1
309	16	2
309	45	2
309	85	1
309	86	1
309	87	2
309	88	2
310	6	2
310	8	2
310	9	2
310	10	1
310	16	1
310	45	2
310	85	1
310	86	2
310	87	1
310	88	2
311	6	2
311	8	1
311	9	2
311	10	1
311	16	2
311	45	2
311	85	1
311	86	2
311	87	1
311	88	2
312	6	1
312	8	2
312	9	2
312	10	1
312	16	1
312	45	1
312	85	1
312	86	1
312	87	2
312	88	2
313	6	1
313	8	2
313	9	1
313	10	1
313	16	2
313	45	2
313	85	2
313	86	2
313	87	2
313	88	2
314	6	1
314	8	1
314	9	2
314	10	1
314	16	1
314	45	1
314	85	1
314	86	2
314	87	1
314	88	2
315	6	2
315	8	2
315	9	2
315	10	1
315	16	2
315	45	1
315	85	1
315	86	1
315	87	2
315	88	2
316	6	2
316	8	2
316	9	2
316	10	1
316	16	2
316	45	1
316	85	1
316	86	1
316	87	1
316	88	2
317	6	2
317	8	2
317	9	1
317	10	2
317	16	2
317	45	1
317	85	1
317	86	1
317	87	1
317	88	2
318	6	1
318	8	2
318	9	1
318	10	1
318	16	1
318	45	2
318	85	1
318	86	2
318	87	2
318	88	2
319	6	1
319	8	1
319	9	2
319	10	2
319	16	2
319	45	2
319	85	2
319	86	2
319	87	2
319	88	2
320	6	1
320	8	2
320	9	1
320	10	2
320	16	1
320	45	1
320	85	1
320	86	1
320	87	1
320	88	2
321	6	1
321	8	1
321	9	2
321	10	2
321	16	2
321	45	2
321	85	2
321	86	2
321	87	2
321	88	2
322	6	2
322	8	2
322	9	2
322	10	2
322	16	2
322	45	2
322	85	2
322	86	2
322	87	1
322	88	2
323	6	1
323	8	2
323	9	2
323	10	2
323	16	1
323	45	1
323	85	1
323	86	1
323	87	1
323	88	2
324	6	2
324	8	1
324	9	1
324	10	2
324	16	2
324	45	1
324	85	1
324	86	2
324	87	1
324	88	2
325	2	1
325	6	2
325	9	2
325	15	1
325	33	1
325	56	1
325	68	1
325	89	1
325	90	1
325	91	1
326	2	1
326	6	2
326	9	2
326	15	1
326	33	1
326	56	1
326	68	2
326	89	1
326	90	1
326	91	1
327	2	1
327	6	2
327	9	1
327	15	1
327	33	1
327	56	1
327	68	1
327	89	1
327	90	1
327	91	2
328	2	2
328	6	2
328	9	2
328	15	1
328	33	2
328	56	2
328	68	2
328	89	2
328	90	2
328	91	2
329	2	2
329	6	2
329	9	2
329	15	2
329	33	2
329	56	2
329	68	2
329	89	2
329	90	2
329	91	2
330	2	2
330	6	2
330	8	1
330	9	2
330	10	2
330	16	1
330	86	1
330	92	1
330	93	1
330	94	1
331	2	2
331	6	1
331	8	2
331	9	2
331	10	2
331	16	1
331	86	2
331	92	2
331	93	2
331	94	2
332	2	2
332	6	2
332	8	2
332	9	2
332	10	2
332	16	2
332	86	2
332	92	2
332	93	2
332	94	1
333	2	2
333	6	1
333	8	2
333	9	2
333	10	2
333	16	2
333	86	2
333	92	1
333	93	2
333	94	2
334	2	1
334	6	1
334	8	2
334	9	2
334	10	2
334	16	1
334	86	1
334	92	1
334	93	1
334	94	1
335	2	1
335	6	2
335	8	2
335	9	2
335	10	2
335	16	1
335	86	1
335	92	1
335	93	1
335	94	1
336	2	1
336	6	2
336	8	2
336	9	2
336	10	2
336	16	1
336	86	1
336	92	1
336	93	1
336	94	1
337	2	1
337	6	2
337	8	2
337	9	2
337	10	2
337	16	2
337	86	1
337	92	1
337	93	1
337	94	1
338	2	1
338	6	2
338	8	2
338	9	1
338	10	1
338	16	2
338	86	2
338	92	2
338	93	2
338	94	2
339	2	1
339	6	1
339	8	2
339	9	2
339	10	1
339	16	2
339	86	1
339	92	2
339	93	2
339	94	2
340	2	2
340	6	2
340	8	2
340	9	2
340	10	1
340	16	2
340	86	2
340	92	2
340	93	2
340	94	2
341	2	1
341	6	1
341	8	1
341	9	2
341	10	2
341	16	1
341	86	1
341	92	1
341	93	1
341	94	1
342	2	2
342	6	2
342	8	1
342	9	2
342	10	2
342	16	1
342	86	2
342	92	2
342	93	2
342	94	2
343	2	2
343	6	1
343	8	2
343	9	2
343	10	1
343	16	2
343	86	2
343	92	2
343	93	2
343	94	2
344	4	1
344	6	1
344	9	2
344	10	2
344	12	1
344	33	1
344	95	1
344	96	1
344	97	1
344	98	1
345	4	1
345	6	2
345	9	1
345	10	2
345	12	1
345	33	1
345	95	1
345	96	1
345	97	1
345	98	1
346	4	1
346	6	2
346	9	2
346	10	1
346	12	1
346	33	1
346	95	1
346	96	1
346	97	1
346	98	1
347	4	2
347	6	2
347	9	2
347	10	2
347	12	1
347	33	1
347	95	2
347	96	2
347	97	2
347	98	2
348	4	2
348	6	2
348	9	2
348	10	2
348	12	2
348	33	2
348	95	2
348	96	2
348	97	2
348	98	2
349	4	2
349	6	2
349	9	1
349	10	2
349	12	1
349	33	2
349	95	2
349	96	2
349	97	2
349	98	2
350	4	2
350	6	2
350	9	2
350	10	2
350	12	2
350	33	2
350	95	2
350	96	2
350	97	2
350	98	2
351	4	1
351	6	2
351	9	2
351	10	2
351	12	2
351	33	2
351	95	1
351	96	2
351	97	2
351	98	2
352	4	1
352	6	2
352	9	2
352	10	2
352	12	1
352	33	1
352	95	1
352	96	1
352	97	1
352	98	1
353	4	1
353	6	2
353	9	2
353	10	2
353	12	1
353	33	2
353	95	2
353	96	2
353	97	1
353	98	2
354	4	1
354	6	1
354	9	2
354	10	2
354	12	1
354	33	1
354	95	1
354	96	1
354	97	1
354	98	1
355	4	1
355	6	2
355	9	2
355	10	2
355	12	1
355	33	1
355	95	2
355	96	1
355	97	2
355	98	1
356	4	1
356	6	2
356	9	2
356	10	2
356	12	1
356	33	1
356	95	1
356	96	1
356	97	1
356	98	1
357	4	2
357	6	2
357	9	2
357	10	2
357	12	2
357	33	2
357	95	2
357	96	2
357	97	2
357	98	2
358	4	1
358	6	1
358	9	2
358	10	2
358	12	1
358	33	1
358	95	1
358	96	1
358	97	1
358	98	1
359	4	1
359	6	1
359	9	1
359	10	2
359	12	1
359	33	1
359	95	1
359	96	1
359	97	1
359	98	1
360	4	2
360	6	2
360	9	2
360	10	2
360	12	2
360	33	2
360	95	2
360	96	2
360	97	2
360	98	2
361	4	1
361	6	1
361	9	2
361	10	2
361	12	1
361	33	1
361	95	1
361	96	1
361	97	1
361	98	1
362	4	1
362	6	1
362	9	2
362	10	2
362	12	1
362	33	1
362	95	1
362	96	1
362	97	1
362	98	1
363	4	1
363	6	2
363	9	2
363	10	2
363	12	1
363	33	1
363	95	1
363	96	1
363	97	1
363	98	1
364	2	2
364	6	1
364	7	2
364	8	1
364	9	2
364	10	1
364	15	2
364	99	2
364	100	2
364	101	1
365	2	2
365	6	1
365	7	2
365	8	1
365	9	1
365	10	1
365	15	2
365	99	2
365	100	2
365	101	2
366	2	2
366	6	2
366	7	2
366	8	1
366	9	2
366	10	1
366	15	2
366	99	2
366	100	2
366	101	2
367	2	2
367	6	2
367	7	2
367	8	2
367	9	2
367	10	2
367	15	1
367	99	2
367	100	2
367	101	2
368	2	2
368	6	2
368	7	2
368	8	2
368	9	1
368	10	2
368	15	2
368	99	2
368	100	2
368	101	2
369	2	1
369	6	1
369	7	1
369	8	2
369	9	2
369	10	1
369	15	1
369	99	1
369	100	1
369	101	1
370	2	2
370	6	1
370	7	1
370	8	2
370	9	2
370	10	2
370	15	2
370	99	2
370	100	2
370	101	2
371	2	1
371	6	1
371	7	2
371	8	2
371	9	2
371	10	1
371	15	1
371	99	2
371	100	1
371	101	1
372	2	1
372	6	2
372	7	1
372	8	2
372	9	2
372	10	1
372	15	1
372	99	1
372	100	1
372	101	1
373	2	1
373	6	1
373	7	1
373	8	2
373	9	2
373	10	1
373	15	2
373	99	1
373	100	1
373	101	1
374	2	1
374	6	2
374	7	2
374	8	2
374	9	2
374	10	2
374	15	1
374	99	2
374	100	1
374	101	1
375	2	1
375	6	2
375	7	1
375	8	1
375	9	1
375	10	2
375	15	1
375	99	1
375	100	1
375	101	1
376	2	2
376	6	2
376	7	2
376	8	2
376	9	2
376	10	2
376	15	1
376	99	2
376	100	2
376	101	2
377	2	1
377	6	1
377	7	2
377	8	1
377	9	2
377	10	2
377	15	2
377	99	2
377	100	2
377	101	2
378	2	2
378	6	2
378	7	2
378	8	2
378	9	1
378	10	1
378	15	2
378	99	2
378	100	2
378	101	2
379	2	1
379	6	2
379	7	2
379	8	2
379	9	2
379	10	1
379	15	2
379	99	2
379	100	2
379	101	2
380	2	1
380	6	2
380	7	1
380	8	1
380	9	2
380	10	2
380	15	1
380	99	1
380	100	1
380	101	1
381	2	1
381	6	2
381	7	2
381	8	2
381	9	2
381	10	2
381	15	2
381	99	2
381	100	1
381	101	1
382	2	1
382	6	1
382	7	1
382	8	2
382	9	2
382	10	1
382	15	1
382	99	1
382	100	1
382	101	1
383	2	1
383	6	1
383	7	1
383	8	2
383	9	2
383	10	2
383	15	1
383	99	1
383	100	1
383	101	1
384	6	1
384	9	2
384	10	1
384	22	1
384	37	1
384	102	1
384	103	1
384	104	1
384	105	1
384	106	2
385	6	1
385	9	2
385	10	1
385	22	1
385	37	1
385	102	1
385	103	1
385	104	1
385	105	1
385	106	1
386	6	2
386	9	2
386	10	1
386	22	1
386	37	1
386	102	2
386	103	1
386	104	1
386	105	1
386	106	2
387	6	2
387	9	2
387	10	2
387	22	1
387	37	1
387	102	1
387	103	1
387	104	1
387	105	1
387	106	2
388	6	1
388	9	1
388	10	1
388	22	1
388	37	1
388	102	1
388	103	1
388	104	1
388	105	1
388	106	1
389	6	2
389	9	2
389	10	2
389	22	1
389	37	2
389	102	2
389	103	1
389	104	2
389	105	2
389	106	2
390	6	2
390	9	2
390	10	1
390	22	1
390	37	1
390	102	1
390	103	1
390	104	1
390	105	1
390	106	1
391	6	1
391	9	2
391	10	2
391	22	2
391	37	2
391	102	2
391	103	1
391	104	1
391	105	2
391	106	1
392	6	2
392	9	2
392	10	2
392	22	1
392	37	1
392	102	2
392	103	1
392	104	1
392	105	1
392	106	2
393	6	2
393	9	2
393	10	1
393	22	2
393	37	2
393	102	2
393	103	2
393	104	2
393	105	2
393	106	1
394	6	2
394	9	2
394	10	1
394	22	1
394	37	1
394	102	1
394	103	1
394	104	1
394	105	1
394	106	1
395	6	1
395	9	2
395	10	2
395	22	1
395	37	1
395	102	1
395	103	1
395	104	1
395	105	1
395	106	1
396	6	2
396	9	1
396	10	2
396	22	1
396	37	1
396	102	1
396	103	1
396	104	1
396	105	1
396	106	1
397	6	1
397	9	2
397	10	1
397	22	1
397	37	1
397	102	1
397	103	1
397	104	1
397	105	1
397	106	1
398	6	2
398	9	1
398	10	1
398	22	2
398	37	2
398	102	2
398	103	2
398	104	2
398	105	2
398	106	2
399	6	2
399	9	2
399	10	2
399	22	1
399	37	1
399	102	1
399	103	1
399	104	1
399	105	1
399	106	1
400	6	1
400	9	2
400	10	1
400	22	1
400	37	1
400	102	1
400	103	1
400	104	1
400	105	1
400	106	1
401	6	1
401	9	2
401	10	2
401	22	1
401	37	1
401	102	1
401	103	1
401	104	1
401	105	1
401	106	1
402	6	2
402	9	2
402	10	2
402	22	2
402	37	2
402	102	2
402	103	1
402	104	2
402	105	2
402	106	2
403	6	1
403	9	1
403	10	2
403	22	1
403	37	1
403	102	1
403	103	1
403	104	2
403	105	1
403	106	1
404	2	1
404	4	1
404	6	1
404	8	2
404	9	2
404	10	2
404	101	1
404	107	1
404	108	1
404	109	1
405	2	2
405	4	1
405	6	1
405	8	2
405	9	2
405	10	2
405	101	1
405	107	1
405	108	1
405	109	1
406	2	1
406	4	1
406	6	1
406	8	2
406	9	1
406	10	2
406	101	1
406	107	1
406	108	1
406	109	1
407	8	2
407	9	1
407	10	1
407	21	1
407	55	1
407	56	1
407	57	1
407	58	1
407	59	1
407	60	1
408	8	2
408	9	2
408	10	1
408	21	2
408	55	2
408	56	2
408	57	2
408	58	2
408	59	1
408	60	2
409	8	2
409	9	1
409	10	2
409	21	2
409	55	2
409	56	2
409	57	2
409	58	1
409	59	2
409	60	2
410	8	2
410	9	2
410	10	1
410	21	1
410	55	1
410	56	1
410	57	1
410	58	1
410	59	1
410	60	1
411	8	1
411	9	2
411	10	2
411	21	1
411	55	2
411	56	2
411	57	2
411	58	2
411	59	2
411	60	2
412	8	2
412	9	2
412	10	1
412	21	2
412	55	2
412	56	2
412	57	1
412	58	2
412	59	2
412	60	2
413	8	1
413	9	2
413	10	2
413	21	2
413	55	1
413	56	2
413	57	2
413	58	2
413	59	2
413	60	2
414	8	2
414	9	2
414	10	1
414	21	1
414	55	1
414	56	1
414	57	1
414	58	1
414	59	1
414	60	1
415	8	2
415	9	2
415	10	2
415	21	2
415	55	2
415	56	2
415	57	1
415	58	1
415	59	1
415	60	1
416	8	2
416	9	2
416	10	2
416	21	2
416	55	2
416	56	2
416	57	1
416	58	1
416	59	2
416	60	2
417	8	2
417	9	2
417	10	2
417	21	2
417	55	2
417	56	2
417	57	2
417	58	2
417	59	2
417	60	2
418	8	2
418	9	2
418	10	2
418	21	2
418	55	2
418	56	2
418	57	2
418	58	2
418	59	2
418	60	2
419	8	2
419	9	2
419	10	2
419	21	1
419	55	1
419	56	2
419	57	1
419	58	1
419	59	1
419	60	1
420	8	1
420	9	2
420	10	1
420	21	2
420	55	2
420	56	2
420	57	2
420	58	2
420	59	2
420	60	2
421	8	1
421	9	2
421	10	2
421	21	2
421	55	1
421	56	1
421	57	1
421	58	1
421	59	2
421	60	1
422	8	2
422	9	2
422	10	1
422	21	2
422	55	1
422	56	2
422	57	1
422	58	1
422	59	1
422	60	1
423	8	1
423	9	1
423	10	1
423	21	2
423	55	1
423	56	2
423	57	1
423	58	2
423	59	1
423	60	1
424	8	2
424	9	1
424	10	2
424	21	1
424	55	1
424	56	1
424	57	1
424	58	1
424	59	1
424	60	1
425	8	2
425	9	2
425	10	1
425	21	2
425	55	2
425	56	2
425	57	2
425	58	2
425	59	2
425	60	2
426	4	1
426	6	2
426	8	1
426	9	2
426	10	2
426	42	1
426	107	1
426	110	1
426	111	1
426	112	1
427	4	1
427	6	1
427	8	1
427	9	2
427	10	2
427	42	1
427	107	1
427	110	1
427	111	1
427	112	1
428	4	1
428	6	1
428	8	1
428	9	2
428	10	2
428	42	1
428	107	1
428	110	1
428	111	1
428	112	2
429	4	1
429	6	1
429	8	1
429	9	2
429	10	2
429	42	1
429	107	1
429	110	1
429	111	1
429	112	1
430	4	2
430	6	2
430	8	1
430	9	2
430	10	2
430	42	1
430	107	2
430	110	2
430	111	2
430	112	2
431	4	1
431	6	2
431	8	2
431	9	1
431	10	2
431	42	1
431	107	1
431	110	1
431	111	1
431	112	1
432	4	2
432	6	2
432	8	2
432	9	2
432	10	2
432	42	2
432	107	2
432	110	2
432	111	2
432	112	2
433	4	1
433	6	1
433	8	2
433	9	2
433	10	2
433	42	1
433	107	1
433	110	1
433	111	1
433	112	1
434	4	1
434	6	1
434	8	2
434	9	2
434	10	2
434	42	1
434	107	1
434	110	1
434	111	1
434	112	1
435	4	2
435	6	2
435	8	2
435	9	2
435	10	1
435	42	2
435	107	1
435	110	1
435	111	1
435	112	2
436	4	1
436	6	1
436	8	2
436	9	2
436	10	2
436	42	1
436	107	1
436	110	1
436	111	1
436	112	1
437	4	1
437	6	2
437	8	2
437	9	2
437	10	2
437	42	1
437	107	1
437	110	1
437	111	1
437	112	1
438	4	1
438	6	1
438	8	2
438	9	2
438	10	2
438	42	1
438	107	1
438	110	1
438	111	1
438	112	1
439	4	1
439	6	1
439	8	2
439	9	2
439	10	2
439	42	1
439	107	1
439	110	1
439	111	1
439	112	1
440	4	1
440	6	2
440	8	2
440	9	2
440	10	1
440	42	1
440	107	1
440	110	1
440	111	1
440	112	1
441	4	1
441	6	2
441	8	2
441	9	2
441	10	2
441	42	1
441	107	1
441	110	1
441	111	1
441	112	1
442	4	1
442	6	2
442	8	2
442	9	2
442	10	2
442	42	1
442	107	1
442	110	1
442	111	1
442	112	1
443	4	1
443	6	2
443	8	1
443	9	1
443	10	2
443	42	1
443	107	1
443	110	1
443	111	1
443	112	1
444	4	1
444	6	1
444	8	1
444	9	1
444	10	1
444	42	1
444	107	1
444	110	1
444	111	1
444	112	1
445	4	1
445	6	2
445	8	2
445	9	2
445	10	2
445	42	1
445	107	1
445	110	1
445	111	1
445	112	2
446	2	1
446	6	2
446	9	1
446	18	1
446	24	2
446	113	1
446	114	2
446	115	2
446	116	2
446	117	2
447	2	2
447	6	1
447	9	2
447	18	2
447	24	1
447	113	2
447	114	2
447	115	2
447	116	2
447	117	2
448	2	1
448	6	1
448	9	1
448	18	1
448	24	1
448	113	1
448	114	1
448	115	1
448	116	1
448	117	1
449	2	1
449	6	2
449	9	2
449	18	2
449	24	1
449	113	1
449	114	1
449	115	1
449	116	1
449	117	1
450	2	1
450	6	2
450	9	1
450	18	2
450	24	1
450	113	1
450	114	1
450	115	1
450	116	1
450	117	1
451	2	2
451	6	2
451	9	2
451	18	2
451	24	2
451	113	2
451	114	2
451	115	2
451	116	2
451	117	2
452	2	1
452	6	1
452	9	1
452	18	2
452	24	1
452	113	1
452	114	1
452	115	1
452	116	1
452	117	1
453	2	2
453	6	1
453	9	2
453	18	2
453	24	2
453	113	2
453	114	2
453	115	2
453	116	2
453	117	2
454	2	2
454	6	2
454	9	2
454	18	2
454	24	2
454	113	2
454	114	2
454	115	2
454	116	2
454	117	2
455	2	1
455	6	1
455	9	2
455	18	2
455	24	1
455	113	1
455	114	1
455	115	1
455	116	1
455	117	1
456	2	2
456	6	1
456	9	2
456	18	2
456	24	1
456	113	2
456	114	2
456	115	2
456	116	2
456	117	2
457	2	1
457	6	2
457	9	2
457	18	2
457	24	1
457	113	1
457	114	1
457	115	1
457	116	1
457	117	1
458	2	1
458	6	2
458	9	2
458	18	2
458	24	1
458	113	1
458	114	1
458	115	1
458	116	1
458	117	1
459	2	1
459	6	2
459	9	1
459	18	2
459	24	1
459	113	1
459	114	1
459	115	1
459	116	1
459	117	1
460	2	2
460	6	2
460	9	2
460	18	2
460	24	2
460	113	2
460	114	2
460	115	2
460	116	2
460	117	2
461	2	1
461	6	1
461	9	2
461	18	1
461	24	1
461	113	1
461	114	1
461	115	1
461	116	1
461	117	1
462	2	2
462	6	2
462	9	2
462	18	2
462	24	2
462	113	2
462	114	2
462	115	2
462	116	2
462	117	2
463	2	2
463	6	2
463	9	2
463	18	2
463	24	2
463	113	2
463	114	2
463	115	2
463	116	2
463	117	2
464	2	1
464	6	1
464	9	2
464	18	2
464	24	2
464	113	1
464	114	2
464	115	2
464	116	2
464	117	2
465	2	2
465	6	2
465	9	2
465	18	2
465	24	2
465	113	1
465	114	2
465	115	2
465	116	2
465	117	1
466	2	1
466	4	1
466	6	2
466	8	2
466	9	2
466	10	2
466	15	1
466	118	1
466	119	1
466	120	1
467	2	1
467	4	1
467	6	2
467	8	2
467	9	2
467	10	2
467	15	1
467	118	1
467	119	1
467	120	1
468	2	2
468	4	2
468	6	1
468	8	2
468	9	2
468	10	2
468	15	2
468	118	2
468	119	2
468	120	2
469	2	2
469	4	2
469	6	2
469	8	2
469	9	2
469	10	2
469	15	2
469	118	2
469	119	2
469	120	2
470	2	2
470	4	2
470	6	2
470	8	2
470	9	1
470	10	2
470	15	2
470	118	2
470	119	2
470	120	2
471	2	1
471	4	1
471	6	2
471	8	2
471	9	2
471	10	2
471	15	1
471	118	1
471	119	1
471	120	1
472	2	2
472	4	1
472	6	1
472	8	1
472	9	2
472	10	2
472	15	2
472	118	1
472	119	2
472	120	2
473	2	1
473	4	1
473	6	1
473	8	2
473	9	2
473	10	2
473	15	1
473	118	1
473	119	1
473	120	1
474	2	2
474	4	2
474	6	2
474	8	1
474	9	1
474	10	1
474	15	2
474	118	2
474	119	2
474	120	2
475	2	1
475	4	1
475	6	2
475	8	2
475	9	2
475	10	2
475	15	1
475	118	1
475	119	1
475	120	1
476	2	2
476	4	2
476	6	2
476	8	2
476	9	1
476	10	2
476	15	2
476	118	2
476	119	2
476	120	2
477	2	1
477	4	1
477	6	1
477	8	2
477	9	2
477	10	2
477	15	1
477	118	1
477	119	1
477	120	1
478	2	1
478	4	1
478	6	2
478	8	2
478	9	1
478	10	2
478	15	1
478	118	1
478	119	1
478	120	1
479	2	2
479	4	2
479	6	1
479	8	1
479	9	2
479	10	2
479	15	2
479	118	2
479	119	2
479	120	2
480	2	2
480	4	2
480	6	2
480	8	1
480	9	2
480	10	2
480	15	2
480	118	2
480	119	2
480	120	2
481	2	2
481	4	2
481	6	1
481	8	1
481	9	2
481	10	2
481	15	2
481	118	2
481	119	2
481	120	1
482	2	1
482	4	1
482	6	2
482	8	2
482	9	2
482	10	2
482	15	1
482	118	1
482	119	1
482	120	1
483	2	2
483	4	2
483	6	2
483	8	1
483	9	2
483	10	2
483	15	1
483	118	2
483	119	2
483	120	2
484	2	2
484	4	1
484	6	2
484	8	1
484	9	2
484	10	1
484	15	1
484	118	1
484	119	1
484	120	1
485	2	2
485	4	1
485	6	2
485	8	2
485	9	2
485	10	2
485	15	1
485	118	1
485	119	1
485	120	1
486	4	2
486	9	2
486	10	2
486	16	1
486	47	2
486	121	2
486	122	2
486	123	2
486	124	2
486	125	2
487	2	1
487	6	2
487	8	2
487	9	2
487	10	2
487	15	1
487	101	1
487	126	1
487	127	1
487	128	1
488	2	1
488	6	2
488	8	1
488	9	2
488	10	2
488	15	1
488	101	1
488	126	1
488	127	1
488	128	1
489	2	2
489	6	2
489	8	1
489	9	2
489	10	1
489	15	2
489	101	2
489	126	2
489	127	2
489	128	2
490	2	2
490	6	2
490	8	2
490	9	1
490	10	2
490	15	1
490	101	1
490	126	1
490	127	1
490	128	1
491	2	2
491	6	1
491	8	2
491	9	2
491	10	2
491	15	2
491	101	2
491	126	2
491	127	2
491	128	2
492	2	1
492	6	2
492	8	2
492	9	2
492	10	2
492	15	2
492	101	2
492	126	2
492	127	2
492	128	2
493	2	1
493	6	2
493	8	1
493	9	2
493	10	1
493	15	1
493	101	1
493	126	1
493	127	1
493	128	1
494	2	2
494	6	2
494	8	2
494	9	1
494	10	2
494	15	2
494	101	1
494	126	2
494	127	2
494	128	2
495	2	2
495	6	2
495	8	1
495	9	1
495	10	1
495	15	2
495	101	2
495	126	1
495	127	1
495	128	2
496	2	2
496	6	1
496	8	2
496	9	2
496	10	1
496	15	2
496	101	2
496	126	2
496	127	2
496	128	2
497	2	1
497	6	2
497	8	2
497	9	1
497	10	1
497	15	1
497	101	1
497	126	1
497	127	1
497	128	1
498	2	2
498	6	2
498	8	2
498	9	2
498	10	2
498	15	2
498	101	2
498	126	2
498	127	2
498	128	2
499	2	1
499	6	1
499	8	1
499	9	1
499	10	1
499	15	1
499	101	1
499	126	1
499	127	1
499	128	1
500	2	1
500	6	2
500	8	2
500	9	1
500	10	2
500	15	1
500	101	1
500	126	1
500	127	1
500	128	1
501	2	1
501	6	2
501	8	2
501	9	2
501	10	2
501	15	1
501	101	1
501	126	1
501	127	1
501	128	1
502	2	1
502	6	2
502	8	2
502	9	2
502	10	2
502	15	1
502	101	1
502	126	1
502	127	1
502	128	2
503	2	1
503	6	2
503	8	2
503	9	2
503	10	1
503	15	1
503	101	1
503	126	1
503	127	1
503	128	1
504	2	2
504	6	2
504	8	2
504	9	1
504	10	1
504	15	2
504	101	2
504	126	2
504	127	2
504	128	2
505	6	2
505	8	2
505	9	2
505	10	2
505	12	1
505	41	1
505	129	1
505	130	1
505	131	1
505	132	1
506	6	2
506	8	1
506	9	1
506	10	2
506	12	1
506	41	1
506	129	1
506	130	1
506	131	1
506	132	1
507	6	2
507	8	2
507	9	2
507	10	2
507	12	1
507	41	1
507	129	1
507	130	1
507	131	1
507	132	1
508	6	1
508	8	1
508	9	2
508	10	2
508	12	1
508	41	1
508	129	1
508	130	1
508	131	1
508	132	1
509	6	1
509	8	1
509	9	2
509	10	1
509	12	1
509	41	1
509	129	1
509	130	1
509	131	1
509	132	1
510	6	1
510	8	2
510	9	2
510	10	1
510	12	1
510	41	1
510	129	1
510	130	1
510	131	1
510	132	1
511	6	2
511	8	1
511	9	2
511	10	2
511	12	1
511	41	1
511	129	1
511	130	1
511	131	1
511	132	1
512	6	2
512	8	1
512	9	2
512	10	2
512	12	2
512	41	2
512	129	2
512	130	2
512	131	2
512	132	2
513	6	2
513	8	2
513	9	2
513	10	2
513	12	1
513	41	1
513	129	1
513	130	1
513	131	1
513	132	1
514	6	2
514	8	2
514	9	2
514	10	2
514	12	1
514	41	1
514	129	1
514	130	1
514	131	1
514	132	1
515	6	2
515	8	2
515	9	2
515	10	2
515	12	2
515	41	2
515	129	2
515	130	2
515	131	2
515	132	2
516	6	2
516	8	2
516	9	2
516	10	2
516	12	1
516	41	1
516	129	1
516	130	2
516	131	1
516	132	1
517	6	1
517	8	2
517	9	2
517	10	2
517	12	1
517	41	2
517	129	2
517	130	2
517	131	1
517	132	1
518	6	2
518	8	2
518	9	2
518	10	2
518	12	1
518	41	1
518	129	1
518	130	1
518	131	1
518	132	1
519	6	2
519	8	2
519	9	2
519	10	2
519	12	2
519	41	2
519	129	2
519	130	2
519	131	2
519	132	2
520	6	2
520	8	2
520	9	2
520	10	2
520	12	1
520	41	1
520	129	2
520	130	1
520	131	1
520	132	1
521	6	2
521	8	2
521	9	2
521	10	2
521	12	1
521	41	1
521	129	1
521	130	1
521	131	1
521	132	1
522	6	2
522	8	1
522	9	2
522	10	1
522	12	1
522	41	1
522	129	2
522	130	1
522	131	1
522	132	1
523	6	2
523	8	1
523	9	1
523	10	1
523	12	2
523	41	2
523	129	2
523	130	2
523	131	2
523	132	2
524	6	2
524	8	2
524	9	2
524	10	2
524	12	1
524	41	1
524	129	1
524	130	1
524	131	1
524	132	1
525	1	2
525	2	2
525	4	2
525	6	2
525	8	2
525	9	2
525	10	2
525	100	1
525	133	2
525	134	1
526	1	2
526	2	1
526	4	2
526	6	2
526	8	2
526	9	2
526	10	2
526	100	2
526	133	2
526	134	1
527	1	1
527	2	1
527	4	1
527	6	1
527	8	2
527	9	2
527	10	2
527	100	1
527	133	1
527	134	1
528	1	2
528	2	1
528	4	2
528	6	2
528	8	2
528	9	2
528	10	2
528	100	2
528	133	2
528	134	2
529	1	2
529	2	2
529	4	2
529	6	2
529	8	2
529	9	2
529	10	2
529	100	2
529	133	2
529	134	2
530	1	1
530	2	1
530	4	1
530	6	1
530	8	2
530	9	2
530	10	2
530	100	1
530	133	1
530	134	1
531	1	2
531	2	1
531	4	1
531	6	1
531	8	2
531	9	2
531	10	2
531	100	1
531	133	1
531	134	1
532	1	1
532	2	1
532	4	1
532	6	1
532	8	2
532	9	2
532	10	2
532	100	1
532	133	1
532	134	1
533	1	2
533	2	2
533	4	2
533	6	2
533	8	2
533	9	2
533	10	2
533	100	1
533	133	2
533	134	1
534	1	2
534	2	2
534	4	1
534	6	2
534	8	2
534	9	1
534	10	2
534	100	2
534	133	2
534	134	2
535	1	2
535	2	2
535	4	2
535	6	2
535	8	2
535	9	2
535	10	1
535	100	1
535	133	2
535	134	2
536	1	1
536	2	1
536	4	1
536	6	2
536	8	2
536	9	2
536	10	1
536	100	1
536	133	1
536	134	1
537	1	1
537	2	1
537	4	1
537	6	1
537	8	2
537	9	2
537	10	1
537	100	1
537	133	1
537	134	1
538	1	2
538	2	1
538	4	2
538	6	1
538	8	1
538	9	2
538	10	2
538	100	1
538	133	1
538	134	1
539	1	1
539	2	2
539	4	2
539	6	1
539	8	2
539	9	1
539	10	2
539	100	2
539	133	2
539	134	2
540	1	1
540	2	1
540	4	1
540	6	2
540	8	2
540	9	1
540	10	2
540	100	1
540	133	1
540	134	1
541	1	2
541	2	2
541	4	2
541	6	2
541	8	2
541	9	2
541	10	2
541	100	1
541	133	2
541	134	2
542	1	2
542	2	2
542	4	2
542	6	1
542	8	2
542	9	2
542	10	2
542	100	2
542	133	2
542	134	2
543	1	2
543	2	2
543	4	2
543	6	2
543	8	2
543	9	1
543	10	1
543	100	2
543	133	2
543	134	2
544	1	2
544	2	2
544	4	2
544	6	1
544	8	2
544	9	1
544	10	2
544	100	2
544	133	2
544	134	1
545	6	2
545	9	2
545	10	2
545	22	2
545	47	2
545	56	2
545	135	2
545	136	2
545	137	2
545	138	1
546	6	1
546	9	2
546	10	1
546	22	2
546	47	2
546	56	1
546	135	2
546	136	2
546	137	1
546	138	2
547	6	2
547	9	2
547	10	2
547	22	1
547	47	1
547	56	2
547	135	1
547	136	1
547	137	1
547	138	1
548	6	2
548	9	2
548	10	2
548	22	2
548	47	1
548	56	2
548	135	2
548	136	2
548	137	2
548	138	2
549	6	1
549	9	2
549	10	1
549	22	1
549	47	1
549	56	1
549	135	1
549	136	1
549	137	1
549	138	1
550	6	1
550	9	1
550	10	1
550	22	1
550	47	1
550	56	1
550	135	1
550	136	1
550	137	1
550	138	1
551	6	2
551	9	2
551	10	2
551	22	2
551	47	2
551	56	2
551	135	1
551	136	2
551	137	2
551	138	2
552	6	1
552	9	2
552	10	2
552	22	1
552	47	1
552	56	1
552	135	1
552	136	1
552	137	1
552	138	1
553	6	1
553	9	2
553	10	2
553	22	2
553	47	1
553	56	1
553	135	1
553	136	2
553	137	1
553	138	2
554	6	1
554	9	2
554	10	1
554	22	1
554	47	1
554	56	1
554	135	1
554	136	1
554	137	1
554	138	1
555	6	1
555	9	2
555	10	2
555	22	2
555	47	2
555	56	2
555	135	2
555	136	2
555	137	1
555	138	1
556	6	1
556	9	2
556	10	2
556	22	1
556	47	1
556	56	1
556	135	1
556	136	1
556	137	1
556	138	1
557	6	1
557	9	2
557	10	1
557	22	2
557	47	1
557	56	2
557	135	2
557	136	2
557	137	2
557	138	2
558	6	1
558	9	2
558	10	2
558	22	1
558	47	1
558	56	1
558	135	1
558	136	1
558	137	1
558	138	1
559	6	2
559	9	2
559	10	2
559	22	2
559	47	1
559	56	2
559	135	2
559	136	2
559	137	2
559	138	2
560	6	2
560	9	2
560	10	2
560	22	2
560	47	2
560	56	2
560	135	2
560	136	2
560	137	2
560	138	2
561	6	2
561	9	1
561	10	1
561	22	2
561	47	1
561	56	2
561	135	2
561	136	2
561	137	2
561	138	2
562	6	2
562	9	2
562	10	2
562	22	1
562	47	1
562	56	1
562	135	1
562	136	1
562	137	1
562	138	1
563	6	2
563	9	2
563	10	2
563	22	2
563	47	2
563	56	2
563	135	2
563	136	2
563	137	2
563	138	2
564	6	1
564	9	1
564	10	1
564	22	1
564	47	1
564	56	2
564	135	1
564	136	1
564	137	1
564	138	1
565	4	1
565	8	2
565	9	1
565	10	2
565	54	1
565	61	1
565	62	1
565	63	1
565	64	1
565	65	1
566	4	2
566	8	2
566	9	2
566	10	2
566	54	2
566	61	2
566	62	1
566	63	2
566	64	2
566	65	1
567	4	2
567	8	2
567	9	2
567	10	2
567	54	2
567	61	1
567	62	1
567	63	2
567	64	2
567	65	1
568	4	1
568	8	2
568	9	2
568	10	2
568	54	1
568	61	1
568	62	1
568	63	1
568	64	1
568	65	1
569	4	1
569	8	2
569	9	2
569	10	2
569	54	1
569	61	2
569	62	1
569	63	1
569	64	1
569	65	1
570	4	2
570	8	2
570	9	2
570	10	2
570	54	2
570	61	2
570	62	2
570	63	1
570	64	2
570	65	1
571	4	1
571	8	2
571	9	2
571	10	2
571	54	1
571	61	1
571	62	1
571	63	1
571	64	1
571	65	1
572	4	1
572	8	2
572	9	2
572	10	2
572	54	1
572	61	2
572	62	1
572	63	1
572	64	1
572	65	1
573	4	2
573	8	1
573	9	2
573	10	1
573	54	2
573	61	2
573	62	2
573	63	2
573	64	2
573	65	2
574	4	2
574	8	1
574	9	2
574	10	2
574	54	2
574	61	2
574	62	2
574	63	2
574	64	2
574	65	1
575	4	2
575	8	1
575	9	1
575	10	2
575	54	1
575	61	2
575	62	1
575	63	2
575	64	1
575	65	1
576	4	2
576	8	2
576	9	2
576	10	1
576	54	2
576	61	1
576	62	2
576	63	1
576	64	2
576	65	1
577	4	2
577	8	1
577	9	2
577	10	2
577	54	2
577	61	1
577	62	2
577	63	1
577	64	2
577	65	1
578	4	1
578	8	2
578	9	1
578	10	2
578	54	1
578	61	1
578	62	1
578	63	1
578	64	1
578	65	1
579	4	1
579	8	1
579	9	1
579	10	2
579	54	1
579	61	1
579	62	1
579	63	1
579	64	1
579	65	1
580	4	1
580	8	1
580	9	1
580	10	2
580	54	1
580	61	1
580	62	1
580	63	1
580	64	1
580	65	1
581	4	1
581	8	1
581	9	2
581	10	2
581	54	2
581	61	1
581	62	1
581	63	1
581	64	2
581	65	1
582	2	2
582	4	2
582	6	1
582	8	2
582	9	1
582	10	1
582	101	1
582	107	2
582	108	2
582	109	2
583	2	1
583	4	1
583	6	1
583	8	2
583	9	2
583	10	2
583	101	1
583	107	1
583	108	1
583	109	1
584	2	1
584	4	1
584	6	1
584	8	1
584	9	2
584	10	2
584	101	1
584	107	1
584	108	1
584	109	1
585	2	2
585	4	1
585	6	1
585	8	2
585	9	1
585	10	2
585	101	1
585	107	1
585	108	1
585	109	1
586	2	2
586	4	2
586	6	2
586	8	2
586	9	1
586	10	2
586	101	2
586	107	2
586	108	2
586	109	2
587	2	1
587	4	1
587	6	1
587	8	1
587	9	2
587	10	2
587	101	1
587	107	1
587	108	1
587	109	1
588	2	2
588	4	2
588	6	1
588	8	2
588	9	1
588	10	1
588	101	1
588	107	2
588	108	2
588	109	2
589	2	1
589	4	1
589	6	1
589	8	1
589	9	2
589	10	2
589	101	1
589	107	1
589	108	1
589	109	1
590	2	2
590	4	2
590	6	2
590	8	2
590	9	2
590	10	2
590	101	2
590	107	2
590	108	2
590	109	2
591	2	2
591	4	2
591	6	1
591	8	2
591	9	2
591	10	2
591	101	2
591	107	1
591	108	2
591	109	1
592	2	2
592	4	2
592	6	1
592	8	2
592	9	2
592	10	2
592	101	2
592	107	2
592	108	2
592	109	2
593	2	2
593	4	2
593	6	1
593	8	2
593	9	2
593	10	1
593	101	1
593	107	1
593	108	1
593	109	1
594	2	1
594	4	2
594	6	1
594	8	2
594	9	2
594	10	2
594	101	2
594	107	1
594	108	2
594	109	1
595	2	1
595	4	1
595	6	1
595	8	2
595	9	2
595	10	2
595	101	1
595	107	1
595	108	1
595	109	1
596	2	2
596	4	2
596	6	2
596	8	1
596	9	2
596	10	1
596	101	1
596	107	2
596	108	1
596	109	2
597	2	2
597	4	2
597	6	1
597	8	2
597	9	1
597	10	2
597	101	2
597	107	2
597	108	1
597	109	1
598	2	1
598	4	1
598	6	1
598	8	2
598	9	2
598	10	2
598	101	1
598	107	1
598	108	1
598	109	1
599	6	1
599	8	1
599	9	1
599	10	2
599	14	1
599	100	2
599	124	2
599	139	2
599	140	2
599	141	2
600	6	2
600	8	2
600	9	2
600	10	2
600	14	2
600	100	1
600	124	2
600	139	2
600	140	2
600	141	2
601	6	2
601	8	2
601	9	1
601	10	2
601	14	1
601	100	2
601	124	2
601	139	2
601	140	1
601	141	1
602	6	2
602	8	2
602	9	2
602	10	2
602	14	2
602	100	2
602	124	1
602	139	2
602	140	2
602	141	2
603	6	2
603	8	2
603	9	1
603	10	1
603	14	1
603	100	1
603	124	1
603	139	1
603	140	1
603	141	1
604	6	1
604	8	1
604	9	2
604	10	2
604	14	1
604	100	1
604	124	1
604	139	2
604	140	2
604	141	1
605	6	1
605	8	1
605	9	2
605	10	2
605	14	2
605	100	1
605	124	1
605	139	1
605	140	1
605	141	1
606	6	1
606	8	2
606	9	2
606	10	2
606	14	1
606	100	2
606	124	2
606	139	2
606	140	2
606	141	1
607	6	2
607	8	1
607	9	2
607	10	2
607	14	2
607	100	1
607	124	1
607	139	1
607	140	1
607	141	1
608	6	1
608	8	2
608	9	2
608	10	1
608	14	1
608	100	2
608	124	2
608	139	2
608	140	1
608	141	2
609	6	2
609	8	1
609	9	1
609	10	2
609	14	2
609	100	2
609	124	2
609	139	1
609	140	2
609	141	2
610	6	1
610	8	2
610	9	2
610	10	2
610	14	2
610	100	2
610	124	2
610	139	2
610	140	2
610	141	2
611	6	2
611	8	2
611	9	2
611	10	2
611	14	2
611	100	1
611	124	2
611	139	2
611	140	1
611	141	2
612	6	1
612	8	1
612	9	2
612	10	1
612	14	1
612	100	1
612	124	2
612	139	1
612	140	1
612	141	1
613	2	1
613	6	2
613	8	2
613	9	2
613	10	2
613	56	1
613	122	1
613	142	1
613	143	1
613	144	1
614	2	1
614	6	2
614	8	2
614	9	2
614	10	2
614	56	1
614	122	1
614	142	1
614	143	1
614	144	2
615	2	1
615	6	2
615	8	2
615	9	2
615	10	2
615	56	1
615	122	1
615	142	1
615	143	1
615	144	1
616	2	2
616	6	2
616	8	2
616	9	1
616	10	2
616	56	1
616	122	2
616	142	2
616	143	2
616	144	2
617	2	2
617	6	2
617	8	1
617	9	2
617	10	2
617	56	2
617	122	2
617	142	2
617	143	2
617	144	2
618	2	1
618	6	1
618	8	2
618	9	1
618	10	2
618	56	2
618	122	2
618	142	2
618	143	1
618	144	1
619	2	1
619	6	2
619	8	2
619	9	2
619	10	1
619	56	2
619	122	2
619	142	1
619	143	2
619	144	1
620	2	1
620	6	1
620	8	1
620	9	2
620	10	2
620	56	1
620	122	1
620	142	1
620	143	1
620	144	1
621	2	2
621	6	2
621	8	1
621	9	2
621	10	2
621	56	2
621	122	2
621	142	2
621	143	2
621	144	2
622	2	1
622	6	2
622	8	2
622	9	2
622	10	1
622	56	1
622	122	2
622	142	1
622	143	1
622	144	2
623	2	1
623	6	1
623	8	2
623	9	1
623	10	2
623	56	1
623	122	1
623	142	1
623	143	1
623	144	1
624	2	2
624	6	2
624	8	2
624	9	1
624	10	2
624	56	2
624	122	2
624	142	2
624	143	1
624	144	2
625	6	1
625	8	2
625	9	1
625	10	2
625	128	1
625	145	1
625	146	1
625	147	1
625	148	1
625	149	1
626	6	2
626	8	2
626	9	2
626	10	1
626	128	2
626	145	2
626	146	2
626	147	2
626	148	1
626	149	2
627	6	2
627	8	2
627	9	2
627	10	2
627	128	2
627	145	2
627	146	2
627	147	2
627	148	2
627	149	2
628	6	2
628	8	2
628	9	2
628	10	2
628	128	2
628	145	1
628	146	1
628	147	2
628	148	1
628	149	1
629	6	2
629	8	2
629	9	2
629	10	1
629	128	1
629	145	2
629	146	2
629	147	2
629	148	2
629	149	1
630	6	2
630	8	2
630	9	2
630	10	2
630	128	2
630	145	1
630	146	1
630	147	1
630	148	2
630	149	1
631	6	1
631	8	2
631	9	2
631	10	2
631	128	2
631	145	2
631	146	2
631	147	2
631	148	1
631	149	2
632	6	1
632	8	1
632	9	2
632	10	2
632	128	2
632	145	2
632	146	2
632	147	2
632	148	1
632	149	2
633	6	2
633	8	1
633	9	2
633	10	1
633	128	2
633	145	2
633	146	2
633	147	2
633	148	1
633	149	1
634	6	2
634	8	2
634	9	2
634	10	2
634	128	1
634	145	1
634	146	1
634	147	1
634	148	2
634	149	1
635	6	2
635	8	1
635	9	1
635	10	2
635	128	1
635	145	1
635	146	1
635	147	1
635	148	1
635	149	1
636	6	2
636	8	2
636	9	2
636	10	1
636	128	1
636	145	1
636	146	1
636	147	2
636	148	2
636	149	2
637	6	1
637	8	2
637	9	2
637	10	2
637	128	2
637	145	2
637	146	1
637	147	2
637	148	2
637	149	2
638	6	1
638	8	2
638	9	2
638	10	2
638	128	2
638	145	2
638	146	2
638	147	2
638	148	2
638	149	2
639	6	2
639	8	2
639	9	2
639	10	1
639	128	2
639	145	2
639	146	2
639	147	2
639	148	2
639	149	2
640	6	1
640	8	2
640	9	2
640	10	2
640	128	2
640	145	2
640	146	2
640	147	2
640	148	2
640	149	1
641	6	1
641	8	2
641	9	2
641	10	2
641	128	2
641	145	1
641	146	2
641	147	2
641	148	1
641	149	2
642	6	2
642	8	1
642	9	2
642	10	2
642	128	1
642	145	1
642	146	1
642	147	1
642	148	2
642	149	1
643	6	2
643	8	2
643	9	2
643	10	2
643	128	1
643	145	1
643	146	1
643	147	1
643	148	2
643	149	2
644	6	2
644	8	1
644	9	2
644	10	2
644	128	2
644	145	2
644	146	2
644	147	2
644	148	2
644	149	2
645	6	1
645	8	2
645	9	2
645	10	2
645	31	2
645	68	2
645	145	2
645	150	2
645	151	1
645	152	2
646	6	1
646	8	1
646	9	2
646	10	2
646	31	2
646	68	1
646	145	1
646	150	1
646	151	1
646	152	1
647	6	1
647	8	2
647	9	2
647	10	2
647	31	1
647	68	1
647	145	1
647	150	1
647	151	2
647	152	2
648	6	2
648	8	2
648	9	2
648	10	1
648	31	2
648	68	2
648	145	2
648	150	2
648	151	1
648	152	2
649	6	2
649	8	2
649	9	1
649	10	2
649	31	2
649	68	2
649	145	2
649	150	2
649	151	1
649	152	2
650	6	2
650	8	2
650	9	2
650	10	2
650	31	1
650	68	1
650	145	1
650	150	1
650	151	1
650	152	1
651	6	1
651	8	1
651	9	2
651	10	2
651	31	1
651	68	1
651	145	1
651	150	1
651	151	1
651	152	2
652	6	2
652	8	2
652	9	2
652	10	2
652	31	2
652	68	2
652	145	2
652	150	1
652	151	2
652	152	2
653	6	2
653	8	1
653	9	2
653	10	2
653	31	1
653	68	1
653	145	2
653	150	1
653	151	1
653	152	1
654	6	2
654	8	2
654	9	2
654	10	2
654	31	2
654	68	2
654	145	2
654	150	2
654	151	1
654	152	2
655	6	2
655	8	1
655	9	1
655	10	2
655	31	1
655	68	1
655	145	1
655	150	1
655	151	1
655	152	1
656	6	1
656	8	1
656	9	2
656	10	1
656	31	1
656	68	1
656	145	1
656	150	1
656	151	1
656	152	1
657	6	1
657	8	2
657	9	2
657	10	2
657	31	2
657	68	1
657	145	1
657	150	1
657	151	1
657	152	2
658	6	2
658	8	2
658	9	2
658	10	2
658	31	1
658	68	1
658	145	1
658	150	1
658	151	1
658	152	1
659	6	2
659	8	2
659	9	2
659	10	2
659	31	2
659	68	2
659	145	2
659	150	2
659	151	1
659	152	2
660	6	1
660	8	1
660	9	2
660	10	2
660	31	1
660	68	1
660	145	1
660	150	1
660	151	1
660	152	1
661	6	2
661	8	1
661	9	2
661	10	1
661	31	2
661	68	2
661	145	2
661	150	2
661	151	2
661	152	2
662	6	1
662	8	1
662	9	2
662	10	2
662	31	2
662	68	1
662	145	1
662	150	2
662	151	1
662	152	2
663	6	1
663	8	1
663	9	2
663	10	2
663	31	1
663	68	1
663	145	1
663	150	1
663	151	1
663	152	1
664	6	2
664	8	1
664	9	2
664	10	2
664	31	1
664	68	1
664	145	1
664	150	1
664	151	1
664	152	1
665	6	2
665	8	2
665	9	2
665	10	2
665	124	2
665	153	2
665	154	2
665	155	2
665	156	2
665	157	2
666	6	2
666	8	2
666	9	2
666	10	1
666	124	1
666	153	1
666	154	1
666	155	1
666	156	2
666	157	1
667	6	2
667	8	2
667	9	2
667	10	1
667	124	2
667	153	2
667	154	2
667	155	2
667	156	2
667	157	2
668	6	2
668	8	2
668	9	2
668	10	1
668	124	2
668	153	2
668	154	1
668	155	1
668	156	2
668	157	1
669	6	1
669	8	1
669	9	1
669	10	2
669	124	1
669	153	2
669	154	2
669	155	2
669	156	2
669	157	2
670	6	1
670	8	2
670	9	1
670	10	2
670	124	2
670	153	2
670	154	2
670	155	2
670	156	2
670	157	2
671	6	2
671	8	2
671	9	2
671	10	2
671	124	2
671	153	2
671	154	2
671	155	2
671	156	2
671	157	2
672	6	2
672	8	1
672	9	2
672	10	2
672	124	2
672	153	2
672	154	2
672	155	2
672	156	2
672	157	2
673	6	1
673	8	2
673	9	1
673	10	2
673	124	1
673	153	1
673	154	1
673	155	1
673	156	2
673	157	1
674	6	1
674	8	1
674	9	2
674	10	1
674	124	1
674	153	1
674	154	1
674	155	1
674	156	2
674	157	1
675	6	2
675	8	2
675	9	2
675	10	2
675	124	1
675	153	2
675	154	1
675	155	1
675	156	1
675	157	1
676	6	2
676	8	2
676	9	2
676	10	2
676	124	1
676	153	1
676	154	1
676	155	1
676	156	2
676	157	1
677	6	2
677	8	1
677	9	1
677	10	2
677	124	2
677	153	2
677	154	2
677	155	2
677	156	2
677	157	2
678	6	2
678	8	1
678	9	2
678	10	2
678	124	1
678	153	1
678	154	1
678	155	1
678	156	1
678	157	1
679	6	1
679	8	2
679	9	2
679	10	2
679	124	1
679	153	1
679	154	1
679	155	1
679	156	1
679	157	1
680	6	2
680	8	2
680	9	2
680	10	1
680	124	2
680	153	2
680	154	2
680	155	2
680	156	2
680	157	2
681	6	2
681	8	2
681	9	2
681	10	2
681	124	2
681	153	2
681	154	2
681	155	2
681	156	2
681	157	2
682	6	2
682	8	2
682	9	2
682	10	2
682	124	2
682	153	2
682	154	2
682	155	2
682	156	2
682	157	2
683	6	2
683	8	2
683	9	2
683	10	2
683	124	2
683	153	2
683	154	2
683	155	1
683	156	2
683	157	2
684	6	2
684	8	2
684	9	2
684	10	1
684	124	1
684	153	1
684	154	1
684	155	1
684	156	2
684	157	1
685	2	1
685	6	2
685	8	1
685	9	2
685	10	2
685	47	1
685	83	1
685	119	1
685	158	1
685	159	1
686	2	1
686	6	2
686	8	2
686	9	2
686	10	2
686	47	1
686	83	1
686	119	1
686	158	1
686	159	2
687	2	2
687	6	2
687	8	1
687	9	2
687	10	2
687	47	2
687	83	2
687	119	2
687	158	2
687	159	2
688	2	2
688	6	1
688	8	2
688	9	2
688	10	2
688	47	1
688	83	1
688	119	1
688	158	1
688	159	1
689	2	1
689	6	2
689	8	1
689	9	1
689	10	2
689	47	1
689	83	1
689	119	1
689	158	1
689	159	1
690	4	1
690	9	2
690	10	1
690	16	2
690	47	1
690	121	1
690	122	1
690	123	1
690	124	1
690	125	1
691	4	2
691	9	2
691	10	2
691	16	2
691	47	2
691	121	2
691	122	2
691	123	2
691	124	2
691	125	2
692	4	1
692	9	1
692	10	1
692	16	2
692	47	2
692	121	2
692	122	2
692	123	2
692	124	2
692	125	1
693	4	1
693	9	2
693	10	2
693	16	2
693	47	1
693	121	2
693	122	2
693	123	1
693	124	2
693	125	1
694	4	1
694	9	2
694	10	2
694	16	2
694	47	1
694	121	1
694	122	2
694	123	1
694	124	1
694	125	1
695	4	2
695	9	2
695	10	1
695	16	2
695	47	2
695	121	2
695	122	1
695	123	2
695	124	2
695	125	1
696	4	1
696	9	1
696	10	2
696	16	2
696	47	1
696	121	1
696	122	2
696	123	1
696	124	1
696	125	1
697	4	1
697	9	2
697	10	2
697	16	2
697	47	1
697	121	1
697	122	1
697	123	1
697	124	1
697	125	1
698	4	2
698	9	2
698	10	1
698	16	1
698	47	2
698	121	2
698	122	2
698	123	2
698	124	2
698	125	2
699	4	2
699	9	1
699	10	2
699	16	2
699	47	2
699	121	2
699	122	2
699	123	2
699	124	2
699	125	2
700	4	1
700	9	1
700	10	2
700	16	1
700	47	1
700	121	1
700	122	1
700	123	1
700	124	1
700	125	1
701	4	1
701	9	2
701	10	1
701	16	2
701	47	1
701	121	1
701	122	1
701	123	1
701	124	1
701	125	1
702	4	2
702	9	1
702	10	2
702	16	2
702	47	2
702	121	2
702	122	2
702	123	2
702	124	2
702	125	2
703	4	2
703	9	1
703	10	2
703	16	1
703	47	2
703	121	2
703	122	1
703	123	1
703	124	2
703	125	2
704	4	1
704	9	2
704	10	2
704	16	2
704	47	1
704	121	2
704	122	2
704	123	1
704	124	1
704	125	1
705	4	1
705	9	2
705	10	2
705	16	2
705	47	1
705	121	2
705	122	2
705	123	1
705	124	2
705	125	2
706	4	2
706	9	2
706	10	2
706	16	2
706	47	2
706	121	2
706	122	2
706	123	2
706	124	2
706	125	2
707	4	2
707	9	1
707	10	2
707	16	2
707	47	2
707	121	2
707	122	1
707	123	2
707	124	2
707	125	2
708	4	2
708	9	2
708	10	2
708	16	1
708	47	2
708	121	2
708	122	2
708	123	2
708	124	2
708	125	2
709	2	2
709	6	2
709	8	1
709	9	1
709	10	2
709	15	2
709	101	1
709	126	2
709	127	2
709	128	1
710	2	2
710	6	2
710	8	2
710	9	2
710	10	2
710	15	2
710	101	2
710	126	2
710	127	1
710	128	2
711	2	2
711	6	2
711	9	2
711	15	2
711	33	2
711	56	2
711	68	2
711	89	2
711	90	2
711	91	2
712	2	2
712	6	2
712	9	2
712	15	2
712	33	2
712	56	2
712	68	2
712	89	2
712	90	2
712	91	2
713	2	2
713	6	2
713	9	2
713	15	2
713	33	2
713	56	2
713	68	2
713	89	2
713	90	2
713	91	2
714	2	1
714	6	2
714	9	2
714	15	1
714	33	1
714	56	1
714	68	1
714	89	1
714	90	1
714	91	1
715	2	2
715	6	1
715	9	2
715	15	2
715	33	2
715	56	2
715	68	2
715	89	2
715	90	1
715	91	2
716	2	1
716	6	1
716	9	2
716	15	1
716	33	1
716	56	1
716	68	1
716	89	1
716	90	1
716	91	1
717	2	1
717	6	1
717	9	2
717	15	1
717	33	2
717	56	2
717	68	1
717	89	1
717	90	2
717	91	2
718	2	1
718	6	2
718	9	2
718	15	1
718	33	2
718	56	1
718	68	2
718	89	2
718	90	1
718	91	1
719	2	2
719	6	1
719	9	2
719	15	2
719	33	2
719	56	2
719	68	1
719	89	2
719	90	1
719	91	2
720	2	2
720	6	2
720	9	2
720	15	2
720	33	2
720	56	2
720	68	2
720	89	2
720	90	2
720	91	2
721	2	2
721	6	1
721	9	2
721	15	2
721	33	2
721	56	2
721	68	2
721	89	2
721	90	2
721	91	2
722	2	1
722	6	1
722	9	2
722	15	1
722	33	1
722	56	1
722	68	1
722	89	1
722	90	1
722	91	1
723	2	2
723	6	1
723	9	1
723	15	2
723	33	2
723	56	2
723	68	2
723	89	2
723	90	2
723	91	2
724	2	2
724	6	2
724	9	2
724	15	2
724	33	2
724	56	2
724	68	2
724	89	2
724	90	2
724	91	2
725	2	1
725	6	1
725	9	2
725	15	1
725	33	1
725	56	2
725	68	1
725	89	2
725	90	2
725	91	2
726	4	1
726	6	2
726	7	1
726	8	2
726	9	2
726	10	2
726	45	1
726	160	1
726	161	1
726	162	1
727	4	2
727	6	1
727	7	2
727	8	2
727	9	2
727	10	2
727	45	2
727	160	1
727	161	2
727	162	1
728	4	2
728	6	2
728	7	2
728	8	2
728	9	2
728	10	2
728	45	2
728	160	2
728	161	2
728	162	2
729	4	1
729	6	1
729	7	1
729	8	2
729	9	2
729	10	1
729	45	1
729	160	1
729	161	1
729	162	1
730	4	2
730	6	2
730	7	2
730	8	2
730	9	2
730	10	2
730	45	2
730	160	2
730	161	2
730	162	2
731	4	2
731	6	2
731	7	2
731	8	2
731	9	2
731	10	2
731	45	2
731	160	2
731	161	2
731	162	2
732	4	2
732	6	2
732	7	2
732	8	2
732	9	2
732	10	2
732	45	2
732	160	2
732	161	1
732	162	2
733	4	2
733	6	2
733	7	2
733	8	2
733	9	1
733	10	1
733	45	2
733	160	2
733	161	2
733	162	2
734	4	1
734	6	2
734	7	1
734	8	2
734	9	2
734	10	2
734	45	1
734	160	1
734	161	1
734	162	1
735	4	1
735	6	2
735	7	2
735	8	2
735	9	2
735	10	2
735	45	1
735	160	1
735	161	1
735	162	1
736	4	2
736	6	2
736	7	2
736	8	2
736	9	2
736	10	2
736	45	2
736	160	2
736	161	1
736	162	2
737	4	1
737	6	2
737	7	1
737	8	2
737	9	1
737	10	2
737	45	1
737	160	1
737	161	1
737	162	1
738	4	1
738	6	2
738	7	1
738	8	1
738	9	2
738	10	2
738	45	1
738	160	1
738	161	1
738	162	1
739	4	2
739	6	2
739	7	2
739	8	2
739	9	2
739	10	2
739	45	2
739	160	2
739	161	2
739	162	2
740	4	1
740	6	1
740	7	1
740	8	2
740	9	1
740	10	1
740	45	1
740	160	1
740	161	1
740	162	1
741	4	1
741	6	1
741	7	1
741	8	2
741	9	2
741	10	2
741	45	1
741	160	1
741	161	1
741	162	1
742	4	1
742	6	2
742	7	1
742	8	2
742	9	2
742	10	1
742	45	2
742	160	1
742	161	1
742	162	2
743	4	2
743	6	2
743	7	2
743	8	2
743	9	2
743	10	1
743	45	2
743	160	1
743	161	2
743	162	2
744	4	2
744	6	2
744	7	2
744	8	1
744	9	1
744	10	2
744	45	2
744	160	2
744	161	2
744	162	2
745	4	1
745	6	2
745	7	1
745	8	2
745	9	2
745	10	2
745	45	1
745	160	1
745	161	1
745	162	1
746	2	1
746	9	2
746	10	2
746	12	1
746	42	1
746	51	1
746	125	1
746	162	1
746	163	1
746	164	1
747	2	1
747	9	2
747	10	2
747	12	1
747	42	1
747	51	1
747	125	1
747	162	1
747	163	1
747	164	1
748	2	2
748	9	2
748	10	2
748	12	1
748	42	2
748	51	2
748	125	2
748	162	2
748	163	2
748	164	2
749	2	2
749	9	2
749	10	2
749	12	2
749	42	2
749	51	1
749	125	2
749	162	2
749	163	2
749	164	2
750	2	2
750	9	2
750	10	2
750	12	2
750	42	2
750	51	2
750	125	2
750	162	2
750	163	2
750	164	2
751	2	1
751	9	2
751	10	2
751	12	1
751	42	1
751	51	1
751	125	1
751	162	1
751	163	1
751	164	1
752	2	2
752	9	2
752	10	2
752	12	2
752	42	2
752	51	1
752	125	1
752	162	2
752	163	2
752	164	2
753	2	2
753	9	2
753	10	2
753	12	2
753	42	1
753	51	1
753	125	2
753	162	2
753	163	2
753	164	1
754	2	2
754	9	2
754	10	1
754	12	2
754	42	2
754	51	2
754	125	2
754	162	2
754	163	2
754	164	2
755	2	1
755	9	2
755	10	2
755	12	1
755	42	1
755	51	2
755	125	1
755	162	1
755	163	2
755	164	1
756	2	2
756	9	2
756	10	2
756	12	2
756	42	2
756	51	2
756	125	2
756	162	2
756	163	2
756	164	2
757	2	2
757	9	2
757	10	2
757	12	1
757	42	1
757	51	1
757	125	2
757	162	1
757	163	1
757	164	1
758	2	1
758	9	2
758	10	2
758	12	1
758	42	1
758	51	2
758	125	1
758	162	2
758	163	2
758	164	2
759	2	2
759	9	2
759	10	2
759	12	1
759	42	1
759	51	1
759	125	1
759	162	1
759	163	1
759	164	2
760	2	1
760	9	2
760	10	2
760	12	1
760	42	1
760	51	1
760	125	1
760	162	1
760	163	1
760	164	1
761	2	2
761	9	2
761	10	2
761	12	1
761	42	2
761	51	1
761	125	2
761	162	2
761	163	2
761	164	2
762	2	1
762	9	2
762	10	2
762	12	2
762	42	1
762	51	1
762	125	2
762	162	1
762	163	1
762	164	1
763	2	1
763	9	2
763	10	1
763	12	1
763	42	1
763	51	1
763	125	1
763	162	1
763	163	1
763	164	1
764	2	2
764	9	2
764	10	2
764	12	1
764	42	2
764	51	2
764	125	2
764	162	2
764	163	2
764	164	2
765	2	1
765	9	2
765	10	2
765	12	1
765	42	1
765	51	1
765	125	1
765	162	2
765	163	1
765	164	1
766	2	1
766	6	2
766	8	2
766	9	2
766	10	2
766	16	1
766	86	1
766	92	1
766	93	1
766	94	1
767	2	1
767	6	1
767	8	2
767	9	2
767	10	2
767	16	2
767	86	1
767	92	1
767	93	1
767	94	1
768	2	1
768	6	2
768	8	2
768	9	2
768	10	1
768	16	2
768	86	1
768	92	1
768	93	1
768	94	1
769	2	2
769	6	1
769	8	2
769	9	1
769	10	2
769	16	1
769	86	2
769	92	1
769	93	2
769	94	1
770	2	2
770	6	2
770	8	2
770	9	2
770	10	2
770	16	1
770	86	2
770	92	1
770	93	1
770	94	2
771	2	2
771	6	2
771	8	2
771	9	2
771	10	2
771	16	2
771	86	2
771	92	2
771	93	2
771	94	2
772	2	1
772	6	1
772	8	2
772	9	2
772	10	2
772	47	1
772	83	1
772	119	1
772	158	1
772	159	1
773	2	2
773	6	1
773	8	2
773	9	2
773	10	2
773	47	1
773	83	1
773	119	1
773	158	2
773	159	1
774	2	2
774	6	1
774	8	1
774	9	2
774	10	2
774	47	2
774	83	2
774	119	2
774	158	2
774	159	2
775	2	2
775	6	2
775	8	2
775	9	2
775	10	2
775	47	2
775	83	2
775	119	2
775	158	2
775	159	2
776	2	1
776	6	1
776	8	2
776	9	2
776	10	2
776	47	1
776	83	1
776	119	1
776	158	1
776	159	2
777	2	1
777	6	2
777	8	2
777	9	2
777	10	2
777	47	1
777	83	1
777	119	1
777	158	1
777	159	1
778	2	1
778	6	2
778	8	2
778	9	2
778	10	2
778	47	1
778	83	1
778	119	1
778	158	1
778	159	1
779	2	2
779	6	2
779	8	2
779	9	2
779	10	2
779	47	2
779	83	2
779	119	2
779	158	2
779	159	2
780	2	1
780	6	2
780	8	2
780	9	1
780	10	2
780	47	1
780	83	1
780	119	1
780	158	1
780	159	1
781	2	1
781	6	2
781	8	2
781	9	2
781	10	2
781	47	1
781	83	1
781	119	1
781	158	1
781	159	1
782	2	1
782	6	1
782	8	2
782	9	2
782	10	2
782	47	1
782	83	2
782	119	1
782	158	1
782	159	1
783	2	2
783	6	2
783	8	1
783	9	2
783	10	2
783	47	2
783	83	2
783	119	2
783	158	2
783	159	2
784	2	1
784	6	2
784	8	1
784	9	2
784	10	2
784	47	1
784	83	1
784	119	1
784	158	1
784	159	1
785	2	2
785	6	2
785	8	2
785	9	2
785	10	2
785	47	2
785	83	2
785	119	2
785	158	2
785	159	2
786	2	1
786	6	2
786	8	1
786	9	2
786	10	2
786	47	1
786	83	1
786	119	1
786	158	1
786	159	1
787	6	1
787	8	1
787	9	2
787	10	2
787	14	1
787	100	2
787	124	2
787	139	2
787	140	1
787	141	2
788	6	2
788	8	2
788	9	1
788	10	2
788	14	1
788	100	1
788	124	1
788	139	1
788	140	1
788	141	1
789	6	2
789	8	1
789	9	2
789	10	2
789	14	1
789	100	1
789	124	2
789	139	2
789	140	2
789	141	2
790	6	1
790	8	2
790	9	2
790	10	2
790	14	2
790	100	1
790	124	1
790	139	1
790	140	1
790	141	1
791	6	2
791	8	2
791	9	1
791	10	1
791	14	1
791	100	1
791	124	1
791	139	1
791	140	1
791	141	1
792	6	1
792	8	2
792	9	2
792	10	2
792	14	1
792	100	1
792	124	2
792	139	1
792	140	1
792	141	2
793	2	2
793	6	2
793	8	2
793	9	2
793	10	2
793	56	1
793	122	2
793	142	1
793	143	2
793	144	2
794	2	2
794	6	2
794	8	1
794	9	2
794	10	2
794	56	2
794	122	2
794	142	2
794	143	2
794	144	2
795	2	1
795	6	1
795	8	2
795	9	2
795	10	1
795	56	2
795	122	1
795	142	2
795	143	1
795	144	1
796	2	1
796	6	2
796	8	2
796	9	2
796	10	2
796	56	2
796	122	2
796	142	1
796	143	1
796	144	1
797	2	1
797	6	1
797	8	2
797	9	2
797	10	2
797	56	1
797	122	1
797	142	1
797	143	1
797	144	1
798	2	2
798	6	2
798	8	1
798	9	1
798	10	1
798	56	2
798	122	2
798	142	2
798	143	2
798	144	2
799	2	1
799	6	1
799	8	2
799	9	2
799	10	2
799	56	1
799	122	1
799	142	1
799	143	1
799	144	1
800	2	2
800	6	2
800	8	2
800	9	2
800	10	1
800	56	2
800	122	2
800	142	2
800	143	2
800	144	2
